-7.972875118255615234e+00,-1.347906589508056641e-01,-2.041781544685363770e-01,4.904225826263427734e+00
-8.089479446411132812e+00,2.211910672485828400e-02,-1.747431010007858276e-01,5.719235897064208984e+00
-8.063678741455078125e+00,1.894184648990631104e-01,3.847102448344230652e-02,4.898941421508789062e+01
-8.211103439331054688e+00,-2.914491854608058929e-02,-2.175677753984928131e-02,4.554890823364257812e+01
-8.214571952819824219e+00,-2.100783213973045349e-02,6.033742800354957581e-03,8.880950927734375000e+01
-8.043471336364746094e+00,3.077843040227890015e-02,-2.033587247133255005e-01,4.923686504364013672e+00
-8.058733940124511719e+00,8.871903270483016968e-02,-1.753921061754226685e-01,5.698308467864990234e+00
-8.209002494812011719e+00,1.364142913371324539e-02,-4.066276550292968750e-02,2.442019653320312500e+01
-8.108580589294433594e+00,-1.481046825647354126e-01,-6.651769578456878662e-02,1.471851730346679688e+01
-8.188709259033203125e+00,4.578932002186775208e-02,-6.850791722536087036e-02,1.451428318023681641e+01
-8.120734214782714844e+00,-1.987043395638465881e-02,-1.515928506851196289e-01,6.583833694458007812e+00
-8.211819648742675781e+00,-2.325676009058952332e-02,-2.466209046542644501e-02,4.020237731933593750e+01
-8.201306343078613281e+00,1.158067118376493454e-02,-5.983574688434600830e-02,1.661178016662597656e+01
-8.147344589233398438e+00,-6.919310986995697021e-02,1.099448576569557190e-01,3.687149429321289062e+01
-8.174306869506835938e+00,-3.898554295301437378e-02,-9.367591142654418945e-02,1.062549209594726562e+01
-8.215169906616210938e+00,2.237586304545402527e-03,-1.817327551543712616e-02,5.448715591430664062e+01
-8.041871070861816406e+00,-1.754598021507263184e-01,-1.095190495252609253e-01,9.094580650329589844e+00
-8.213892936706542969e+00,-2.516254968941211700e-02,-3.147803479805588722e-03,8.534400177001953125e+01
-8.113067626953125000e+00,-1.281216293573379517e-01,-9.416162967681884766e-02,1.057096290588378906e+01
-8.116086006164550781e+00,4.026473034173250198e-03,-1.565074324607849121e-01,6.378816604614257812e+00
-8.023421287536621094e+00,-1.905059367418289185e-01,-1.049838960170745850e-01,9.485618591308593750e+00
-8.071720123291015625e+00,-1.879713833332061768e-01,1.981706358492374420e-03,1.239579200744628906e+01
-8.214954376220703125e+00,-1.513686310499906540e-02,-1.252229046076536179e-02,7.890736389160156250e+01
-8.170869827270507812e+00,-1.585615612566471100e-02,-1.043118238449096680e-01,9.546320915222167969e+00
-8.172950744628906250e+00,1.002908125519752502e-01,-2.397743426263332367e-02,3.847972869873046875e+01
-8.011692047119140625e+00,7.898483425378799438e-02,-2.096255719661712646e-01,4.778623580932617188e+00
-8.093539237976074219e+00,1.700502038002014160e-01,3.353077918291091919e-02,4.906747817993164062e+01
-8.194508552551269531e+00,2.747943066060543060e-02,-6.795790791511535645e-02,1.463141155242919922e+01
-8.027389526367187500e+00,1.693754643201828003e-01,-1.331335455179214478e-01,7.489605426788330078e+00
-8.214194297790527344e+00,1.541004888713359833e-02,-1.835243403911590576e-02,5.395780944824218750e+01
-8.076404571533203125e+00,1.809096783399581909e-01,3.889348357915878296e-02,4.861159896850585938e+01
-8.182990074157714844e+00,-3.194928541779518127e-02,-8.459008485078811646e-02,1.176244640350341797e+01
-8.214025497436523438e+00,8.206925354897975922e-03,-2.340427041053771973e-02,4.235466766357421875e+01
-8.117720603942871094e+00,-1.409279704093933105e-01,-6.527486443519592285e-02,1.522024059295654297e+01
-8.042312622070312500e+00,-4.800541326403617859e-02,-2.007277607917785645e-01,4.987309932708740234e+00
-8.132379531860351562e+00,2.205433323979377747e-02,-1.415882557630538940e-01,7.045313358306884766e+00
-8.134479522705078125e+00,-1.387478858232498169e-01,2.735113166272640228e-02,2.624378204345703125e+01
-8.212114334106445312e+00,-3.229817375540733337e-02,-5.698906257748603821e-03,7.439895629882812500e+01
-8.149008750915527344e+00,1.258028000593185425e-01,2.548093348741531372e-02,7.833435058593750000e+01
-8.119949340820312500e+00,-8.391526341438293457e-02,-1.286599189043045044e-01,7.748286724090576172e+00
-8.142939567565917969e+00,-7.625918090343475342e-02,1.101768687367439270e-01,3.642352294921875000e+01
-8.159981727600097656e+00,3.615786880254745483e-02,-1.117610409855842590e-01,8.912910461425781250e+00
-8.203710556030273438e+00,5.025082826614379883e-02,-2.461210452020168304e-02,4.028384017944335938e+01
-8.209285736083984375e+00,6.309994962066411972e-03,-4.159137606620788574e-02,2.387638092041015625e+01
-7.999153137207031250e+00,-2.300683408975601196e-01,-1.419414300471544266e-02,1.198521423339843750e+01
-8.213989257812500000e+00,-1.234307140111923218e-02,-2.166416868567466736e-02,4.574276733398437500e+01
-8.211247444152832031e+00,-3.183338791131973267e-02,-1.654131338000297546e-02,5.891802978515625000e+01
-8.029759407043457031e+00,-1.971732079982757568e-01,-8.267769962549209595e-02,1.184947490692138672e+01
-7.967601299285888672e+00,-1.423954069614410400e-01,-2.022426575422286987e-01,4.950491428375244141e+00
-8.212028503417968750e+00,-3.311685984954237938e-03,-3.300321847200393677e-02,3.007032203674316406e+01
-7.957262516021728516e+00,6.587286014109849930e-03,-2.518271207809448242e-01,3.991064071655273438e+00
-8.092715263366699219e+00,1.716041564941406250e-01,2.814402244985103607e-02,2.609651565551757812e+01
-8.174551963806152344e+00,4.144939035177230835e-02,-9.233338385820388794e-02,1.077939414978027344e+01
-8.103969573974609375e+00,1.528888344764709473e-01,6.429100036621093750e-02,5.665375900268554688e+01
-8.101220130920410156e+00,2.226415649056434631e-02,-1.663013845682144165e-01,6.006515502929687500e+00
-8.201983451843261719e+00,-3.804125264286994934e-02,4.575023055076599121e-02,7.416348266601562500e+01
