-8.223039627075195312e+00,1.392255164682865143e-02,-1.098408922553062439e-02,8.996917724609375000e+01
-8.204286575317382812e+00,2.071602270007133484e-03,-6.984565407037734985e-02,1.423975276947021484e+01
-8.047568321228027344e+00,-1.217527762055397034e-01,1.686367839574813843e-01,1.921389198303222656e+01
-8.219618797302246094e+00,-8.485448546707630157e-03,-3.281284123659133911e-02,3.025571632385253906e+01
-7.965763568878173828e+00,-2.192049622535705566e-01,1.240689009428024292e-01,8.805294990539550781e+00
-8.121472358703613281e+00,-1.004252657294273376e-01,-1.226457282900810242e-01,8.126880645751953125e+00
-8.179981231689453125e+00,6.405215710401535034e-02,-8.191204816102981567e-02,1.214772796630859375e+01
-8.072134971618652344e+00,1.619445858523249626e-03,-1.927237212657928467e-01,5.192039012908935547e+00
-8.065872192382812500e+00,1.609141528606414795e-01,-1.135273277759552002e-01,8.776103973388671875e+00
-8.169258117675781250e+00,-1.137942373752593994e-01,2.136801183223724365e-02,1.932699012756347656e+01
-8.203769683837890625e+00,-6.235923990607261658e-02,-3.342741727828979492e-02,2.970097541809082031e+01
-8.164934158325195312e+00,1.161304265260696411e-01,3.125795349478721619e-02,3.538594436645507812e+01
-7.958767414093017578e+00,-2.157001197338104248e-01,1.366665214300155640e-01,8.786274909973144531e+00
-8.002461433410644531e+00,-5.521087348461151123e-02,-2.263298332691192627e-01,4.431786060333251953e+00
-8.206388473510742188e+00,-2.638603188097476959e-02,-6.061880663037300110e-02,1.640128326416015625e+01
-8.148800849914550781e+00,9.646212309598922729e-02,-9.554926306009292603e-02,1.041950988769531250e+01
-7.962039470672607422e+00,-2.081173956394195557e-01,-1.453735083341598511e-01,6.863990306854248047e+00
-8.188113212585449219e+00,3.426844626665115356e-02,-8.747050166130065918e-02,1.137820148468017578e+01
-8.155361175537109375e+00,8.550734817981719971e-02,-9.755695611238479614e-02,1.020589256286621094e+01
-8.213007926940917969e+00,-3.053145669400691986e-02,-4.272783175110816956e-02,2.324986076354980469e+01
-8.217446327209472656e+00,1.371116284281015396e-02,-3.859768435359001160e-02,2.573154067993164062e+01
-8.059092521667480469e+00,1.985664367675781250e-01,-3.008878789842128754e-02,1.933001518249511719e+01
-8.043600082397460938e+00,-2.093114852905273438e-01,-1.743822544813156128e-02,7.797187805175781250e+00
-8.039607048034667969e+00,4.327484965324401855e-02,-2.080046236515045166e-01,4.815674304962158203e+00
-8.168186187744140625e+00,1.030045822262763977e-01,-5.545627698302268982e-02,1.792444229125976562e+01
-8.061720848083496094e+00,1.942698210477828979e-01,-4.432011768221855164e-02,2.241720390319824219e+01
-8.213141441345214844e+00,-4.479806125164031982e-02,-2.677657268941402435e-02,3.705546951293945312e+01
-8.164952278137207031e+00,1.140485480427742004e-01,-3.821419924497604370e-02,2.598948669433593750e+01
-7.997374057769775391e+00,1.685193777084350586e-01,-1.653015166521072388e-01,6.043093204498291016e+00
-8.048112869262695312e+00,-1.325468420982360840e-01,1.599071025848388672e-01,1.916530418395996094e+01
-7.957581520080566406e+00,-2.151307016611099243e-01,-1.387509107589721680e-01,7.189187049865722656e+00
-8.064208030700683594e+00,-1.613818407058715820e-01,1.145537421107292175e-01,8.683902740478515625e+00
-8.180544853210449219e+00,-9.386453032493591309e-02,-4.307062923908233643e-02,2.271203041076660156e+01
-8.125395774841308594e+00,8.623982220888137817e-02,-1.293247938156127930e-01,7.709567070007324219e+00
-8.190598487854003906e+00,-6.782962381839752197e-02,6.005241721868515015e-02,2.875379562377929688e+01
-8.100995063781738281e+00,-5.317625775933265686e-02,-1.651727259159088135e-01,6.047721385955810547e+00
-8.020577430725097656e+00,-1.761835664510726929e-01,-1.375569403171539307e-01,7.251127243041992188e+00
-8.209280014038085938e+00,-3.840157389640808105e-02,-4.681365564465522766e-02,2.122512626647949219e+01
-8.203460693359375000e+00,-6.282994896173477173e-02,3.356404229998588562e-02,4.495781707763671875e+01
-8.026742935180664062e+00,-3.939779847860336304e-02,-2.161861807107925415e-01,4.636175155639648438e+00
-8.025151252746582031e+00,2.140261530876159668e-01,-5.363280698657035828e-02,1.853287124633789062e+01
-8.224126815795898438e+00,-6.888068281114101410e-03,1.056158798746764660e-03,9.230658721923828125e+01
-8.220663070678710938e+00,-1.855495385825634003e-02,-2.344082482159137726e-02,4.231090164184570312e+01
-7.971575736999511719e+00,-2.054263502359390259e-01,-1.409817934036254883e-01,7.076215267181396484e+00
-8.147903442382812500e+00,-1.059649661183357239e-01,8.604267984628677368e-02,1.942243576049804688e+01
-8.159732818603515625e+00,-1.157346889376640320e-01,-4.846397414803504944e-02,2.019005203247070312e+01
-8.178176879882812500e+00,8.240114897489547729e-02,-6.679167598485946655e-02,1.488916683197021484e+01
-8.208153724670410156e+00,1.012525893747806549e-02,-6.195401027798652649e-02,1.604866981506347656e+01
-8.197000503540039062e+00,-1.035801018588244915e-03,-8.158665895462036133e-02,1.219599437713623047e+01
-8.217862129211425781e+00,3.964519873261451721e-02,-1.178149017505347729e-03,9.424571990966796875e+01
-8.078161239624023438e+00,-1.256250143051147461e-01,1.412771046161651611e-01,1.931821250915527344e+01
-8.170560836791992188e+00,-1.029315218329429626e-01,-5.007433518767356873e-02,1.956854629516601562e+01
-8.036880493164062500e+00,-6.032324582338333130e-02,-2.054041773080825806e-01,4.875742912292480469e+00
-8.185481071472167969e+00,5.909365415573120117e-02,-7.731389254331588745e-02,1.286793899536132812e+01
-8.135540962219238281e+00,1.467526853084564209e-01,-9.830481372773647308e-03,2.379271507263183594e+01
-8.177852630615234375e+00,1.381068024784326553e-03,-1.064030081033706665e-01,9.360776901245117188e+00
-8.054104804992675781e+00,-1.655133515596389771e-01,-1.195248886942863464e-01,8.337936401367187500e+00
-8.125010490417480469e+00,-8.769600093364715576e-02,1.286036521196365356e-01,2.038781738281250000e+01
-8.200720787048339844e+00,-6.450683623552322388e-02,-3.985505923628807068e-02,2.492171096801757812e+01
-8.147187232971191406e+00,-1.161268278956413269e-01,-7.303367555141448975e-02,1.361991310119628906e+01
-8.137488365173339844e+00,-1.184318438172340393e-01,8.457341790199279785e-02,1.908518791198730469e+01
