-8.108785629272460938e+00,1.995244175195693970e-01,1.477582962252199650e-03,1.855265045166015625e+01
-8.251255989074707031e+00,4.546523466706275940e-02,-5.671916529536247253e-02,1.756338882446289062e+01
-8.269049644470214844e+00,-3.049238026142120361e-02,-1.102021895349025726e-03,6.976229095458984375e+01
-8.121644973754882812e+00,-8.585143089294433594e-02,1.709975600242614746e-01,2.516381835937500000e+01
-8.205727577209472656e+00,1.267248243093490601e-01,-1.477801986038684845e-02,2.831326103210449219e+01
-8.132347106933593750e+00,-1.112912818789482117e-01,1.471661329269409180e-01,2.432617950439453125e+01
-8.164611816406250000e+00,-1.618315577507019043e-01,-6.946872919797897339e-03,1.338280487060546875e+01
-8.190426826477050781e+00,1.037151515483856201e-01,-9.658429026603698730e-02,1.032196235656738281e+01
-8.136851310729980469e+00,8.295832574367523193e-02,-1.621481627225875854e-01,6.164844036102294922e+00
-8.230929374694824219e+00,-3.822261840105056763e-02,9.285730123519897461e-02,6.236188888549804688e+01
-8.234839439392089844e+00,-4.131972789764404297e-02,-8.703163266181945801e-02,1.145202732086181641e+01
-8.221160888671875000e+00,9.132204204797744751e-02,-6.518097221851348877e-02,1.528468132019042969e+01
-8.226215362548828125e+00,3.633878752589225769e-02,-1.003117635846138000e-01,9.939504623413085938e+00
-8.192908287048339844e+00,-1.233186125755310059e-01,-6.505762785673141479e-02,1.452611923217773438e+01
-8.231959342956542969e+00,1.544081023894250393e-03,-9.991929680109024048e-02,9.978429794311523438e+00
-8.153195381164550781e+00,-7.985856384038925171e-02,1.501884609460830688e-01,2.515825462341308594e+01
-8.055266380310058594e+00,2.270011603832244873e-01,3.627752885222434998e-02,3.672962951660156250e+01
-8.237818717956542969e+00,-7.506376504898071289e-02,5.304057523608207703e-02,2.494729232788085938e+01
-8.111562728881835938e+00,-1.977798938751220703e-01,-3.427425166592001915e-03,1.303470802307128906e+01
-8.201317787170410156e+00,-9.594772011041641235e-02,8.985698968172073364e-02,2.456981086730957031e+01
-8.269603729248046875e+00,-1.081964280456304550e-02,-2.647712640464305878e-02,3.763510513305664062e+01
-8.020866394042968750e+00,2.421154975891113281e-01,-5.220182240009307861e-02,1.908239173889160156e+01
-8.188685417175292969e+00,-3.076293133199214935e-02,-1.398751735687255859e-01,7.138733863830566406e+00
-8.118045806884765625e+00,-9.911067783832550049e-03,-1.939402669668197632e-01,5.163831233978271484e+00
-8.120758056640625000e+00,1.343704164028167725e-01,-1.380907148122787476e-01,7.230396747589111328e+00
-8.128993034362792969e+00,-7.896518707275390625e-02,1.690471023321151733e-01,2.525427627563476562e+01
-8.074075698852539062e+00,2.146415412425994873e-01,-4.762808978557586670e-02,1.831011772155761719e+01
-8.141798019409179688e+00,1.939681172370910645e-02,-1.776220649480819702e-01,5.632621765136718750e+00
-8.261908531188964844e+00,0.000000000000000000e+00,-5.195851624011993408e-02,1.917206001281738281e+01
-8.113119125366210938e+00,1.325215846300125122e-01,-1.464170664548873901e-01,6.821821212768554688e+00
-8.034234046936035156e+00,1.196039956994354725e-03,-2.411863654851913452e-01,4.166433811187744141e+00
-8.110068321228027344e+00,1.851492524147033691e-01,-7.307507097721099854e-02,1.363513183593750000e+01
-8.248180389404296875e+00,-7.203995436429977417e-02,-2.849203906953334808e-02,3.443521499633789062e+01
-8.076565742492675781e+00,-2.065221518278121948e-01,7.078246772289276123e-02,1.336620616912841797e+01
-8.245764732360839844e+00,-7.937517762184143066e-02,-1.658588089048862457e-02,3.406267166137695312e+01
-8.038962364196777344e+00,-1.317057609558105469e-01,-1.996632665395736694e-01,5.017671585083007812e+00
-8.272025108337402344e+00,-1.145127322524785995e-02,8.555814623832702637e-03,9.659228515625000000e+01
-8.236932754516601562e+00,-2.683407068252563477e-02,8.894553780555725098e-02,7.357758331298828125e+01
-8.039094924926757812e+00,-4.395427554845809937e-02,-2.346951812505722046e-01,4.279472351074218750e+00
-7.993158340454101562e+00,-1.198664531111717224e-01,2.317612022161483765e-01,2.518841171264648438e+01
-8.109176635742187500e+00,-1.521261036396026611e-01,-1.296187937259674072e-01,7.700176239013671875e+00
-8.259846687316894531e+00,-2.538191527128219604e-02,4.972093924880027771e-02,6.220613479614257812e+01
-8.055109977722167969e+00,1.900035291910171509e-01,-1.307657659053802490e-01,7.632996082305908203e+00
-8.065535545349121094e+00,1.402618736028671265e-01,-1.761196851730346680e-01,5.680167198181152344e+00
-8.037852287292480469e+00,2.358690798282623291e-01,-3.909371420741081238e-02,1.864324569702148438e+01
-8.039793968200683594e+00,-2.313180267810821533e-01,-5.665475502610206604e-02,1.031834602355957031e+01
-8.153790473937988281e+00,-9.543492645025253296e-02,1.403594613075256348e-01,2.470339012145996094e+01
-8.244027137756347656e+00,-7.929846644401550293e-02,-2.676976285874843597e-02,3.407217025756835938e+01
-8.141535758972167969e+00,1.768790036439895630e-01,2.340723760426044464e-02,4.198350906372070312e+01
-8.172124862670898438e+00,-1.007805392146110535e-02,-1.563229858875274658e-01,6.392644405364990234e+00
-8.250942230224609375e+00,-1.953125232830643654e-03,-7.325341552495956421e-02,1.360206890106201172e+01
-8.233449935913085938e+00,-9.184083342552185059e-02,3.292649239301681519e-02,2.468983650207519531e+01
-8.192982673645019531e+00,1.311349272727966309e-01,-4.700420796871185303e-02,2.119249916076660156e+01
-8.249179840087890625e+00,3.864763677120208740e-02,-6.557139754295349121e-02,1.519377613067626953e+01
-8.252461433410644531e+00,-7.015373557806015015e-02,-4.873306956142187119e-03,3.395668792724609375e+01
-8.105947494506835938e+00,-1.611617207527160645e-01,1.206188723444938660e-01,1.504691219329833984e+01
-8.189361572265625000e+00,4.299424961209297180e-02,-1.360278129577636719e-01,7.339396953582763672e+00
-8.271209716796875000e+00,1.208934932947158813e-02,-1.662351749837398529e-02,5.998645019531250000e+01
