-8.092749595642089844e+00,1.973195746541023254e-02,-2.264651954174041748e-01,4.435167312622070312e+00
-8.230732917785644531e+00,1.165617331862449646e-01,-6.808434426784515381e-02,1.465922737121582031e+01
-8.094816207885742188e+00,1.991704553365707397e-01,-1.077825799584388733e-01,9.263518333435058594e+00
-8.269334793090820312e+00,3.933873772621154785e-02,-8.570793271064758301e-02,1.164535903930664062e+01
-8.221638679504394531e+00,1.420762687921524048e-01,1.370115112513303757e-02,3.052504348754882812e+01
-8.045249938964843750e+00,1.144600063562393188e-01,-2.243611514568328857e-01,4.476059436798095703e+00
-8.294722557067871094e+00,-5.234781280159950256e-02,5.371252773329615593e-04,4.388671875000000000e+01
-8.187642097473144531e+00,-1.927968114614486694e-02,-1.681629866361618042e-01,5.951230525970458984e+00
-8.301185607910156250e+00,-3.440733999013900757e-02,3.531271358951926231e-04,4.529916381835937500e+01
-8.186011314392089844e+00,-1.677589565515518188e-01,-2.929127216339111328e-02,1.606476020812988281e+01
-8.216461181640625000e+00,-1.469889134168624878e-01,-4.037753213196992874e-03,1.640246009826660156e+01
-8.287994384765625000e+00,1.287257578223943710e-02,-6.495092809200286865e-02,1.536712646484375000e+01
-8.138350486755371094e+00,-1.665023863315582275e-01,-1.138456687331199646e-01,8.771593093872070312e+00
-8.215763092041015625e+00,-9.044991433620452881e-02,-1.169816777110099792e-01,8.537299156188964844e+00
-8.141009330749511719e+00,-1.339832246303558350e-01,-1.486996710300445557e-01,6.723951339721679688e+00
-8.066832542419433594e+00,1.257429271936416626e-01,-2.058536261320114136e-01,4.872270584106445312e+00
-8.246103286743164062e+00,1.285404060035943985e-02,-1.197493076324462891e-01,8.340705871582031250e+00
-8.296422958374023438e+00,8.707329630851745605e-03,-4.766619950532913208e-02,2.094937896728515625e+01
-8.038150787353515625e+00,2.371509075164794922e-01,-9.398151934146881104e-02,1.062082576751708984e+01
-8.129253387451171875e+00,-1.247073486447334290e-01,-1.654604971408843994e-01,6.047563552856445312e+00
-8.200741767883300781e+00,1.593718826770782471e-01,-5.520421545952558517e-03,2.334589958190917969e+01
-8.093146324157714844e+00,2.114032655954360962e-01,-8.332509547472000122e-02,1.197771739959716797e+01
-8.109492301940917969e+00,-1.949777454137802124e-01,-9.830782562494277954e-02,1.015428829193115234e+01
-8.063761711120605469e+00,2.415091395378112793e-01,1.782367378473281860e-02,1.614544677734375000e+01
-8.280104637145996094e+00,7.652004808187484741e-02,-2.044768072664737701e-02,4.901422119140625000e+01
-8.108481407165527344e+00,6.281381100416183472e-02,-2.096599936485290527e-01,4.785037517547607422e+00
-8.299700736999511719e+00,3.856115415692329407e-02,-7.678551133722066879e-03,7.323294830322265625e+01
-8.200503349304199219e+00,-2.118302509188652039e-02,-1.583920717239379883e-01,6.315316200256347656e+00
-8.231066703796386719e+00,-7.667427510023117065e-02,-1.107946112751960754e-01,9.012549400329589844e+00
-8.085474967956542969e+00,2.287167906761169434e-01,-3.294481709599494934e-02,1.321701145172119141e+01
-8.305240631103515625e+00,-8.400732651352882385e-03,-1.189517602324485779e-02,8.467715454101562500e+01
-8.281284332275390625e+00,-4.311611503362655640e-02,6.404470652341842651e-02,5.538331985473632812e+01
-8.131012916564941406e+00,2.044845074415206909e-01,-2.266111969947814941e-02,1.570974922180175781e+01
-8.297380447387695312e+00,4.566022008657455444e-02,4.072564188390970230e-03,7.136016082763671875e+01
-8.176005363464355469e+00,6.008350849151611328e-02,-1.669974625110626221e-01,5.992403507232666016e+00
-8.287833213806152344e+00,-5.790803581476211548e-02,3.220921009778976440e-02,4.494020080566406250e+01
-8.226791381835937500e+00,-1.341138929128646851e-01,3.368593007326126099e-02,9.251689910888671875e+01
-8.120882034301757812e+00,-9.735351800918579102e-02,-1.883086264133453369e-01,5.320428848266601562e+00
-8.169282913208007812e+00,-9.020278602838516235e-02,-1.581683307886123657e-01,6.324160575866699219e+00
-8.222292900085449219e+00,-8.357036858797073364e-02,-1.153152883052825928e-01,8.660266876220703125e+00
-8.112895011901855469e+00,2.075451463460922241e-01,-6.088757514953613281e-02,1.639286422729492188e+01
-8.301132202148437500e+00,-3.936651628464460373e-03,-3.454747051000595093e-02,2.893206787109375000e+01
-8.076892852783203125e+00,2.227604836225509644e-01,7.683066278696060181e-02,3.941907119750976562e+01
-8.042562484741210938e+00,-2.379232347011566162e-01,8.540450036525726318e-02,5.343649291992187500e+01
-8.204117774963378906e+00,1.517910063266754150e-01,-3.995615988969802856e-02,2.478052520751953125e+01
-8.283808708190917969e+00,-6.826791912317276001e-02,2.649320848286151886e-02,4.420948791503906250e+01
-8.282009124755859375e+00,-5.012012645602226257e-02,-5.756508186459541321e-02,1.734098625183105469e+01
-8.225815773010253906e+00,-1.095724925398826599e-01,-8.610033988952636719e-02,1.159221553802490234e+01
-8.060779571533203125e+00,2.309839725494384766e-01,7.809858024120330811e-02,3.946538543701171875e+01
-8.238156318664550781e+00,7.661978155374526978e-02,-1.028054431080818176e-01,9.711139678955078125e+00
-8.296383857727050781e+00,-3.224460035562515259e-02,3.591489046812057495e-02,5.600138473510742188e+01
-8.264418601989746094e+00,-8.545428514480590820e-02,-5.259573087096214294e-02,1.898195266723632812e+01
-8.224824905395507812e+00,1.084108203649520874e-01,-8.895460516214370728e-02,1.122062015533447266e+01
-8.167067527770996094e+00,1.351171582937240601e-01,-1.243106126785278320e-01,8.035727500915527344e+00
-8.276220321655273438e+00,-7.802109420299530029e-02,-3.354028612375259399e-02,2.934745788574218750e+01
-8.220492362976074219e+00,4.323625564575195312e-02,-1.372527033090591431e-01,7.281396865844726562e+00
-8.287926673889160156e+00,6.480204313993453979e-02,1.331192534416913986e-02,7.172608947753906250e+01
-8.175656318664550781e+00,4.135145992040634155e-02,-1.727926582098007202e-01,5.793169975280761719e+00
