-8.111869812011718750e+00,1.645842790603637695e-01,-7.183357328176498413e-02,1.386674022674560547e+01
-8.139250755310058594e+00,1.571168303489685059e-01,-2.950596995651721954e-02,2.494802856445312500e+01
-8.107139587402343750e+00,-1.068907901644706726e-01,1.487886458635330200e-01,3.177552604675292969e+01
-8.164367675781250000e+00,-9.646397829055786133e-02,1.011794060468673706e-01,3.106289482116699219e+01
-8.222904205322265625e+00,6.678207963705062866e-02,2.788807637989521027e-02,4.740156936645507812e+01
-8.045309066772460938e+00,-2.195232361555099487e-01,-1.791121996939182281e-02,1.171972274780273438e+01
-8.243835449218750000e+00,-1.046112459152936935e-02,-5.903718061745166779e-03,8.672135925292968750e+01
-8.057485580444335938e+00,-2.607239596545696259e-02,-2.115495949983596802e-01,4.739034175872802734e+00
-8.015112876892089844e+00,2.291921377182006836e-01,-5.814491584897041321e-02,1.712713623046875000e+01
-8.141038894653320312e+00,-4.882198572158813477e-02,-1.506623327732086182e-01,6.629982948303222656e+00
-8.090915679931640625e+00,5.155118927359580994e-02,-1.861128658056259155e-01,5.377699375152587891e+00
-8.189818382263183594e+00,-1.144547834992408752e-01,-1.286847889423370361e-02,1.961718750000000000e+01
-8.147469520568847656e+00,-1.205736771225929260e-01,-9.505625069141387939e-02,1.048518753051757812e+01
-8.166646003723144531e+00,-7.398947328329086304e-02,-1.157548278570175171e-01,8.616274833679199219e+00
-8.105845451354980469e+00,1.611632108688354492e-01,-8.807288855314254761e-02,1.131430721282958984e+01
-8.229940414428710938e+00,5.919348448514938354e-02,-3.134458558633923531e-03,4.875151824951171875e+01
-8.213587760925292969e+00,6.531089544296264648e-02,-5.653639137744903564e-02,1.761416244506835938e+01
-8.176023483276367188e+00,-1.223095133900642395e-01,-4.068473726511001587e-02,1.709583854675292969e+01
-8.143319129943847656e+00,-3.255006298422813416e-02,-1.531535238027572632e-01,6.522952079772949219e+00
-8.006279945373535156e+00,1.062115132808685303e-01,-2.164222896099090576e-01,4.633940696716308594e+00
-8.025495529174804688e+00,-8.427999168634414673e-02,-2.150710970163345337e-01,4.662601947784423828e+00
-8.213104248046875000e+00,8.537044376134872437e-02,-1.748469844460487366e-02,4.740290832519531250e+01
-8.202862739562988281e+00,-8.615328371524810791e-02,5.204955115914344788e-02,2.091550254821777344e+01
-7.974254131317138672e+00,-2.460792660713195801e-01,-7.373307645320892334e-02,1.220189094543457031e+01
-8.239331245422363281e+00,3.008100204169750214e-02,-1.800983212888240814e-02,5.530531311035156250e+01
-8.230228424072265625e+00,5.816596001386642456e-02,8.115730248391628265e-03,4.901052474975585938e+01
-8.210953712463378906e+00,3.212234750390052795e-02,-8.400027453899383545e-02,1.186162185668945312e+01
-8.202192306518554688e+00,2.868932485580444336e-02,-9.689061343669891357e-02,1.028725814819335938e+01
-7.968223094940185547e+00,2.403786033391952515e-01,9.913971275091171265e-02,3.484748840332031250e+01
-8.191350936889648438e+00,1.124047115445137024e-01,1.614586636424064636e-02,4.790019607543945312e+01
-8.196280479431152344e+00,1.033980250358581543e-01,3.188664838671684265e-02,8.580288696289062500e+01
-8.093924522399902344e+00,8.134800940752029419e-02,-1.731591373682022095e-01,5.775545597076416016e+00
-8.185643196105957031e+00,8.216763287782669067e-02,-8.659499883651733398e-02,1.150697231292724609e+01
-8.127280235290527344e+00,-1.171027272939682007e-01,-1.216148808598518372e-01,8.202935218811035156e+00
-8.212706565856933594e+00,-6.590547412633895874e-02,5.828342586755752563e-02,3.166742134094238281e+01
-8.057657241821289062e+00,-1.307176351547241211e-01,-1.687673330307006836e-01,5.924370765686035156e+00
-8.213476181030273438e+00,4.162164032459259033e-02,-7.581158727407455444e-02,1.314027309417724609e+01
-8.197665214538574219e+00,5.834920331835746765e-02,-8.896566182374954224e-02,1.120106315612792969e+01
-8.213815689086914062e+00,-6.254070252180099487e-02,-5.917058512568473816e-02,1.683062171936035156e+01
-8.079350471496582031e+00,-8.765924721956253052e-02,-1.802740544080734253e-01,5.549908161163330078e+00
-7.998897552490234375e+00,-2.340003699064254761e-01,7.247334718704223633e-02,5.507754135131835938e+01
-8.215741157531738281e+00,-3.353337571024894714e-02,-7.620882987976074219e-02,1.307189655303955078e+01
-8.064419746398925781e+00,-1.583723574876785278e-01,-1.372846066951751709e-01,7.271441936492919922e+00
-8.219493865966796875e+00,-1.194051932543516159e-02,-7.664968818426132202e-02,1.299684143066406250e+01
-8.199266433715820312e+00,3.988359495997428894e-02,-9.660617262125015259e-02,1.031745910644531250e+01
-8.004614830017089844e+00,7.931201159954071045e-02,-2.283986806869506836e-01,4.394849300384521484e+00
-8.201128959655761719e+00,-9.496904164552688599e-02,3.906124830245971680e-02,2.056122589111328125e+01
-8.232803344726562500e+00,-4.984095320105552673e-02,1.875042356550693512e-02,4.061028289794921875e+01
-7.982840538024902344e+00,2.499828934669494629e-01,3.661426156759262085e-02,2.105155944824218750e+01
-8.207975387573242188e+00,-3.662476688623428345e-02,-8.645144104957580566e-02,1.152604103088378906e+01
-8.219035148620605469e+00,6.897897273302078247e-02,-3.725932538509368896e-02,2.672361564636230469e+01
-8.067513465881347656e+00,-8.814537525177001953e-02,1.883995831012725830e-01,3.148100090026855469e+01
-8.028462409973144531e+00,-2.229144871234893799e-01,-5.447630956768989563e-02,1.434670829772949219e+01
-8.215737342834472656e+00,-8.143672347068786621e-02,-1.819320954382419586e-02,1.979001998901367188e+01
-8.097510337829589844e+00,-1.557398736476898193e-01,-1.074409633874893188e-01,9.280233383178710938e+00
-8.193269729614257812e+00,1.082686036825180054e-01,-2.623550780117511749e-02,3.314041519165039062e+01
