-8.183905601501464844e+00,-3.169826418161392212e-02,-8.119986206293106079e-02,1.226835060119628906e+01
-8.191726684570312500e+00,6.966822594404220581e-02,-2.954398281872272491e-02,3.369341278076171875e+01
-8.129220962524414062e+00,3.540813177824020386e-02,-1.402444541454315186e-01,7.118394851684570312e+00
-8.208166122436523438e+00,4.143500328063964844e-02,-3.897618502378463745e-03,6.993108367919921875e+01
-8.194819450378417969e+00,-6.790784746408462524e-02,1.940358802676200867e-02,4.117783737182617188e+01
-8.154677391052246094e+00,-3.492327407002449036e-02,-1.161514297127723694e-01,8.586210250854492188e+00
-8.187603950500488281e+00,7.702364027500152588e-02,-2.827657014131546021e-02,3.520367813110351562e+01
-8.001384735107421875e+00,-3.088162979111075401e-03,-2.283994853496551514e-01,4.394600868225097656e+00
-8.135946273803710938e+00,1.351892650127410889e-01,3.320473432540893555e-02,6.720816802978515625e+01
-7.988789081573486328e+00,1.955488324165344238e-01,-1.316060721874237061e-01,7.582683563232421875e+00
-8.122780799865722656e+00,5.826328322291374207e-02,-1.382635235786437988e-01,7.219722270965576172e+00
-8.210722923278808594e+00,-2.696260996162891388e-02,1.975885964930057526e-02,9.000875091552734375e+01
-8.147090911865234375e+00,-7.398624718189239502e-02,-1.053879112005233765e-01,9.459454536437988281e+00
-8.208441734313964844e+00,1.950713060796260834e-02,-3.557490929961204529e-02,2.798180770874023438e+01
-8.209411621093750000e+00,-2.673837542533874512e-02,2.692597731947898865e-02,9.002776336669921875e+01
-8.007763862609863281e+00,-1.892420500516891479e-01,-1.225585713982582092e-01,8.139370918273925781e+00
-8.206542015075683594e+00,4.606843367218971252e-02,3.028321312740445137e-03,6.861777496337890625e+01
-8.150577545166015625e+00,-1.254774481058120728e-01,4.475952126085758209e-03,2.667325401306152344e+01
-8.012222290039062500e+00,2.163727432489395142e-01,-5.339328944683074951e-02,1.332085990905761719e+01
-8.106261253356933594e+00,1.461702734231948853e-01,-7.240027189254760742e-02,1.375653076171875000e+01
-8.116764068603515625e+00,1.518489420413970947e-01,-3.120992332696914673e-02,2.727223968505859375e+01
-8.179877281188964844e+00,-3.597438707947731018e-02,8.588682115077972412e-02,5.300024414062500000e+01
-8.117464065551757812e+00,2.848287299275398254e-02,-1.515745818614959717e-01,6.589899539947509766e+00
-8.163600921630859375e+00,1.037243679165840149e-01,4.327438026666641235e-02,8.798316192626953125e+01
-8.120264053344726562e+00,3.227971121668815613e-02,-1.485371738672256470e-01,6.723641395568847656e+00
-8.192408561706542969e+00,-2.782007679343223572e-02,-6.897551566362380981e-02,1.443851184844970703e+01
-8.069292068481445312e+00,1.249825879931449890e-01,-1.416397690773010254e-01,7.048723697662353516e+00
-8.190970420837402344e+00,4.685257375240325928e-02,-6.081334874033927917e-02,1.637380409240722656e+01
-8.141910552978515625e+00,-2.238431572914123535e-02,-1.315919905900955200e-01,7.583499431610107422e+00
-8.210173606872558594e+00,1.158067118376493454e-02,-3.303790092468261719e-02,3.013027954101562500e+01
-8.109363555908203125e+00,1.501638144254684448e-01,5.795060098171234131e-02,5.584305953979492188e+01
-8.208159446716308594e+00,-2.665128558874130249e-02,-3.167952969670295715e-02,3.142214775085449219e+01
-7.993717670440673828e+00,2.306090146303176880e-01,3.244727849960327148e-02,1.350727367401123047e+01
-8.061082839965820312e+00,1.938828825950622559e-01,9.242258034646511078e-03,2.087622070312500000e+01
-8.196066856384277344e+00,4.764134064316749573e-02,-4.886332899332046509e-02,2.037449264526367188e+01
-8.193454742431640625e+00,-3.177715465426445007e-02,6.587392836809158325e-02,5.405696105957031250e+01
-8.194047927856445312e+00,6.095859780907630920e-02,-3.795089200139045715e-02,2.623028564453125000e+01
-8.209362983703613281e+00,6.818489637225866318e-03,-3.706490620970726013e-02,2.685715293884277344e+01
-8.206681251525878906e+00,-4.432170838117599487e-02,-1.091052498668432236e-02,4.124557876586914062e+01
-8.153052330017089844e+00,7.813189923763275146e-02,-9.505869448184967041e-02,1.048380947113037109e+01
-8.200609207153320312e+00,5.803354457020759583e-02,-1.416920311748981476e-02,7.026972198486328125e+01
-8.213457107543945312e+00,-1.764604076743125916e-02,1.169191207736730576e-02,9.817102050781250000e+01
-8.128913879394531250e+00,-1.058995723724365234e-01,-9.910810738801956177e-02,1.005673408508300781e+01
-8.060720443725585938e+00,8.860392868518829346e-02,-1.728752404451370239e-01,5.784556865692138672e+00
-8.105256080627441406e+00,-1.596923172473907471e-01,3.690676763653755188e-02,1.749310111999511719e+01
-8.094684600830078125e+00,1.311590820550918579e-01,-1.106708198785781860e-01,9.009575843811035156e+00
-8.214097023010253906e+00,6.291074212640523911e-03,-1.546591147780418396e-02,6.437503051757812500e+01
-8.208682060241699219e+00,-2.586580440402030945e-02,3.083804249763488770e-02,8.987201690673828125e+01
-8.045821189880371094e+00,4.463806003332138062e-02,-1.983081698417663574e-01,5.050615310668945312e+00
-8.212808609008789062e+00,-1.834820024669170380e-02,-1.593654230237007141e-02,6.247298812866210938e+01
-8.009267807006835938e+00,9.027686715126037598e-02,-2.054879516363143921e-01,4.876498699188232422e+00
-8.208029747009277344e+00,-2.640184015035629272e-02,3.290813416242599487e-02,9.017453002929687500e+01
-8.200397491455078125e+00,-1.837092824280261993e-02,-5.704320967197418213e-02,1.745488166809082031e+01
-8.061135292053222656e+00,-1.611119508743286133e-01,-1.082464009523391724e-01,9.210564613342285156e+00
-8.001415252685546875e+00,-1.195080354809761047e-01,-1.951350271701812744e-01,5.131676673889160156e+00
-8.177024841308593750e+00,4.284653812646865845e-03,-9.617541730403900146e-02,1.036244010925292969e+01
-7.998237133026123047e+00,-1.984721422195434570e-01,-1.174072921276092529e-01,8.494763374328613281e+00
