-8.079775810241699219e+00,-2.634080871939659119e-02,-1.715160608291625977e-01,5.823738098144531250e+00
-8.201181411743164062e+00,-1.233824156224727631e-02,-1.499440986663103104e-02,6.577612304687500000e+01
-8.201029777526855469e+00,-1.292802207171916962e-02,1.539986766874790192e-02,6.772866058349609375e+01
-8.179518699645996094e+00,-4.466743767261505127e-02,-6.067157909274101257e-02,1.637041854858398438e+01
-8.184172630310058594e+00,-6.630520522594451904e-02,1.076431013643741608e-02,4.898554229736328125e+01
-8.169018745422363281e+00,3.512752428650856018e-02,-8.379439264535903931e-02,1.186659145355224609e+01
-8.195565223693847656e+00,4.179603978991508484e-02,6.103054038248956203e-04,8.896566009521484375e+01
-8.188848495483398438e+00,-3.048651479184627533e-02,-4.966332763433456421e-02,1.998558044433593750e+01
-8.200952529907226562e+00,-1.032347045838832855e-02,-1.810562238097190857e-02,5.455419921875000000e+01
-8.069551467895507812e+00,-1.741100102663040161e-01,-4.757362604141235352e-02,1.649477005004882812e+01
-8.202239036560058594e+00,1.983408117666840553e-03,-1.075577922165393829e-02,9.138846588134765625e+01
-8.170485496520996094e+00,-5.499225482344627380e-02,-6.972496956586837769e-02,1.425155735015869141e+01
-8.195344924926757812e+00,-2.476376295089721680e-02,-3.453768417239189148e-02,2.869952774047851562e+01
-8.159466743469238281e+00,-5.918139219284057617e-02,8.381753414869308472e-02,4.848361206054687500e+01
-8.139321327209472656e+00,-1.101313978433609009e-01,5.771097913384437561e-02,2.058561897277832031e+01
-8.157450675964355469e+00,-1.018128395080566406e-01,-2.609659172594547272e-02,2.376309585571289062e+01
-8.024044036865234375e+00,1.305231451988220215e-01,-1.640365719795227051e-01,6.086557865142822266e+00
-8.027960777282714844e+00,-1.958933323621749878e-01,6.633473932743072510e-02,1.164395523071289062e+01
-8.166838645935058594e+00,9.297894686460494995e-02,1.069795805960893631e-02,4.976725387573242188e+01
-8.166266441345214844e+00,1.594986021518707275e-02,-9.312380850315093994e-02,1.068234062194824219e+01
-7.948691844940185547e+00,-2.111867070198059082e-01,1.336364299058914185e-01,1.155646610260009766e+01
-8.152009010314941406e+00,-6.421769410371780396e-02,-9.103399515151977539e-02,1.092654991149902344e+01
-8.185297966003417969e+00,4.206478223204612732e-02,-5.000567808747291565e-02,1.984923553466796875e+01
-8.087319374084472656e+00,-1.594503670930862427e-01,5.260489508509635925e-02,1.607859992980957031e+01
-8.138165473937988281e+00,-1.249007955193519592e-01,1.194721087813377380e-02,2.066390991210937500e+01
-7.960135459899902344e+00,6.337627023458480835e-02,-2.357603609561920166e-01,4.256235122680664062e+00
-8.085190773010253906e+00,1.550296694040298462e-01,-6.903973221778869629e-02,1.439279174804687500e+01
-8.084877967834472656e+00,1.137690395116806030e-01,-1.264109164476394653e-01,7.881946086883544922e+00
-8.136880874633789062e+00,1.041127964854240417e-01,-7.271711528301239014e-02,1.366723728179931641e+01
-8.188410758972167969e+00,3.814454749226570129e-02,-4.531649500131607056e-02,2.189569854736328125e+01
-8.187893867492675781e+00,-8.638603612780570984e-03,-5.965977534651756287e-02,1.664708518981933594e+01
-8.190858840942382812e+00,1.283547841012477875e-02,-5.239710211753845215e-02,1.894626998901367188e+01
-8.008254051208496094e+00,1.893871128559112549e-01,-1.092413440346717834e-01,9.113271713256835938e+00
-8.124502182006835938e+00,5.702384188771247864e-02,-1.261495351791381836e-01,7.898137569427490234e+00
-7.971512794494628906e+00,3.566313907504081726e-02,-2.355260103940963745e-01,4.260386466979980469e+00
-8.135786056518554688e+00,-1.259955167770385742e-01,2.116144634783267975e-02,2.044452667236328125e+01
-8.097948074340820312e+00,-1.426639556884765625e-01,-7.274430990219116211e-02,1.366226196289062500e+01
-8.194619178771972656e+00,3.615621849894523621e-02,-2.606178075075149536e-02,3.798417663574218750e+01
-8.198009490966796875e+00,3.088162979111075401e-03,-3.389896824955940247e-02,2.923798561096191406e+01
-8.190477371215820312e+00,2.696703001856803894e-02,-4.770895093679428101e-02,2.080140495300292969e+01
-8.193468093872070312e+00,-3.431712463498115540e-02,3.260071948170661926e-02,4.897180175781250000e+01
-8.159529685974121094e+00,3.472468629479408264e-02,-9.681166708469390869e-02,1.027716636657714844e+01
-7.978273868560791016e+00,-2.172441631555557251e-01,-8.894778043031692505e-02,1.101078510284423828e+01
-8.129809379577636719e+00,-8.599103987216949463e-02,-1.022687032818794250e-01,9.731272697448730469e+00
-8.199480056762695312e+00,-1.732560247182846069e-02,-2.222676016390323639e-02,4.449870681762695312e+01
-8.160338401794433594e+00,-3.305349126458168030e-02,-9.633541107177734375e-02,1.032774734497070312e+01
-8.099763870239257812e+00,-1.584879606962203979e-01,-4.630220588296651840e-03,1.624848747253417969e+01
-8.011422157287597656e+00,-2.163358181715011597e-01,3.911128151230514050e-04,1.187597179412841797e+01
-8.130581855773925781e+00,2.131767012178897858e-02,-1.311771720647811890e-01,7.597351551055908203e+00
-7.930465698242187500e+00,-2.400807291269302368e-01,9.608869254589080811e-02,1.144191360473632812e+01
-8.005934715270996094e+00,2.041466683149337769e-01,8.112289011478424072e-02,4.679145812988281250e+01
-7.997825622558593750e+00,-1.777899414300918579e-01,-1.370497792959213257e-01,7.274129390716552734e+00
-8.036971092224121094e+00,-1.771863251924514771e-01,9.591892361640930176e-02,1.151917457580566406e+01
-8.015054702758789062e+00,-1.750393062829971313e-01,-1.243978738784790039e-01,8.008760452270507812e+00
-8.082415580749511719e+00,-4.741803556680679321e-02,-1.650019288063049316e-01,6.051261901855468750e+00
-8.194794654846191406e+00,3.491302952170372009e-02,-2.693084441125392914e-02,3.676450347900390625e+01
-8.088303565979003906e+00,1.658635288476943970e-01,2.153466083109378815e-02,2.783164787292480469e+01
-8.108911514282226562e+00,9.190905094146728516e-02,-1.206568628549575806e-01,8.255454063415527344e+00
