-3.592020511627197266e+00,-1.723773181438446045e-01,7.778448611497879028e-02,1.813431358337402344e+01
-3.573649406433105469e+00,1.356920450925827026e-01,-1.655803322792053223e-01,6.016830921173095703e+00
-3.643289804458618164e+00,1.562134362757205963e-02,-8.492897450923919678e-02,1.166424560546875000e+01
-3.637841463088989258e+00,9.388106316328048706e-02,4.175274446606636047e-02,1.013654804229736328e+01
-3.589171171188354492e+00,-1.264410763978958130e-01,-1.456827968358993530e-01,6.829298496246337891e+00
-3.564252138137817383e+00,7.248081266880035400e-02,-2.135941535234451294e-01,4.680986404418945312e+00
-3.564025163650512695e+00,2.259044945240020752e-01,9.276361204683780670e-03,1.930510711669921875e+01
-3.533039808273315430e+00,1.454648468643426895e-02,-2.603547275066375732e-01,3.855822563171386719e+00
-3.642364501953125000e+00,-8.114971965551376343e-02,-3.751282766461372375e-02,2.582651519775390625e+01
-3.598703145980834961e+00,1.788387447595596313e-01,-4.671645816415548325e-03,2.721051979064941406e+01
-3.646400690078735352e+00,-5.279134213924407959e-02,-5.463475361466407776e-02,1.807256889343261719e+01
-3.579459190368652344e+00,-2.043080180883407593e-01,-2.826174534857273102e-02,3.470043563842773438e+01
-3.655998229980468750e+00,-2.345074899494647980e-02,-3.514182055369019508e-03,3.778988647460937500e+01
-3.654850482940673828e+00,-2.268323861062526703e-02,-2.565110661089420319e-02,3.816639709472656250e+01
-3.554333686828613281e+00,-4.817527905106544495e-02,-2.322941273450851440e-01,4.310809612274169922e+00
-3.641567230224609375e+00,9.207126498222351074e-02,4.897968028672039509e-04,1.004673290252685547e+01
-3.630401134490966797e+00,-1.062109544873237610e-01,-5.706717446446418762e-02,1.704344367980957031e+01
-3.573613405227661133e+00,2.055686116218566895e-01,6.053951010107994080e-02,4.343034744262695312e+01
-3.651382923126220703e+00,2.098796144127845764e-02,-5.112491920590400696e-02,1.930234909057617188e+01
-3.598284006118774414e+00,-1.629519164562225342e-01,-7.505775243043899536e-02,1.297216320037841797e+01
-3.654728412628173828e+00,-2.458013594150543213e-02,2.600952796638011932e-02,3.712704086303710938e+01
-3.637336730957031250e+00,-7.714283466339111328e-02,6.992421299219131470e-02,2.281933784484863281e+01
-3.634555339813232422e+00,-1.091262698173522949e-01,2.008240297436714172e-02,1.850326919555664062e+01
-3.566928625106811523e+00,-1.718730628490447998e-01,-1.414377987384796143e-01,7.032396316528320312e+00
-3.646754741668701172e+00,-5.263296514749526978e-02,5.380982905626296997e-02,2.936327171325683594e+01
-3.654742956161499023e+00,9.685992263257503510e-03,-3.368467465043067932e-02,2.917233276367187500e+01
-3.648942232131958008e+00,-5.925692617893218994e-02,-2.977812290191650391e-02,3.244326019287109375e+01
-3.600398778915405273e+00,-6.522499024868011475e-02,-1.633975207805633545e-01,6.096180438995361328e+00
-3.555859088897705078e+00,-2.068137824535369873e-01,1.143383160233497620e-01,1.412334918975830078e+01
-3.533154726028442383e+00,-9.224678575992584229e-02,-2.441093474626541138e-01,4.106391429901123047e+00
-3.567965269088745117e+00,-1.487736999988555908e-01,-1.637836843729019165e-01,6.082100868225097656e+00
-3.572499036788940430e+00,-1.433310657739639282e-01,-1.609300076961517334e-01,6.188716411590576172e+00
-3.655895948410034180e+00,2.513582352548837662e-03,-2.445626631379127502e-02,4.000067901611328125e+01
-3.639439344406127930e+00,9.788251668214797974e-02,8.299105800688266754e-03,1.002192401885986328e+01
-3.563764572143554688e+00,-2.001126706600189209e-01,1.067612841725349426e-01,1.408987903594970703e+01
-3.581711769104003906e+00,1.649647355079650879e-01,-1.190623268485069275e-01,8.341488838195800781e+00
-3.651771545410156250e+00,5.063972994685173035e-02,-1.755147613584995270e-02,5.538750457763671875e+01
-3.619812965393066406e+00,-1.412221640348434448e-01,2.122458256781101227e-02,1.826029777526855469e+01
-3.621136188507080078e+00,1.263421401381492615e-02,-1.392723321914672852e-01,7.140407562255859375e+00
-3.574948310852050781e+00,8.014347404241561890e-02,-1.964003741741180420e-01,5.083956718444824219e+00
-3.649624347686767578e+00,-6.228746473789215088e-02,1.338040828704833984e-02,3.271403121948242188e+01
-3.581062793731689453e+00,1.388310492038726807e-01,-1.498674899339675903e-01,6.640507221221923828e+00
-3.629842758178710938e+00,-9.538049250841140747e-02,-7.575010508298873901e-02,1.306733226776123047e+01
-3.637017726898193359e+00,-9.791910648345947266e-02,3.731709346175193787e-02,1.907246017456054688e+01
-3.605380535125732422e+00,4.090351238846778870e-02,-1.628867089748382568e-01,6.115060806274414062e+00
-3.534610748291015625e+00,1.249892786145210266e-01,-2.276178598403930664e-01,4.397682189941406250e+00
-3.631260633468627930e+00,-6.187628209590911865e-02,1.018449738621711731e-01,2.889688110351562500e+01
-3.651602506637573242e+00,2.013235585764050484e-03,-5.408294871449470520e-02,1.825524139404296875e+01
-3.654898643493652344e+00,-2.997976168990135193e-02,-1.594299450516700745e-02,3.598408508300781250e+01
-3.630476713180541992e+00,-1.044409200549125671e-01,6.070177629590034485e-02,1.834275245666503906e+01
-3.617145061492919922e+00,6.661753356456756592e-02,-1.317040175199508667e-01,7.546947956085205078e+00
-3.582370758056640625e+00,1.471463292837142944e-01,-1.391620337963104248e-01,7.146231651306152344e+00
-3.610056877136230469e+00,-1.656581088900566101e-02,-1.592032760381698608e-01,6.254940032958984375e+00
-3.624826908111572266e+00,1.064249500632286072e-01,-7.929259538650512695e-02,1.040065574645996094e+01
-3.635897636413574219e+00,1.076273992657661438e-01,-7.225871668197214603e-04,1.005646324157714844e+01
-3.653744935989379883e+00,3.267071768641471863e-02,-2.674879133701324463e-02,3.662357711791992188e+01
-3.553705453872680664e+00,1.231008470058441162e-01,-2.041718065738677979e-01,4.893410205841064453e+00
-3.617843627929687500e+00,1.282964348793029785e-01,-7.070095092058181763e-02,1.399390029907226562e+01
-3.651849031448364258e+00,-4.055805876851081848e-02,3.488005325198173523e-02,3.692753601074218750e+01
