-3.735491037368774414e+00,-1.650394797325134277e-01,-5.617148429155349731e-02,1.731367683410644531e+01
-3.679116725921630859e+00,-7.323820888996124268e-02,2.351460158824920654e-01,1.972585868835449219e+01
-3.665829181671142578e+00,1.344082355499267578e-01,-2.225533574819564819e-01,4.495841979980468750e+00
-3.749789953231811523e+00,1.485567986965179443e-01,2.879633568227291107e-02,6.411071777343750000e+01
-3.739174365997314453e+00,-6.348440796136856079e-02,-1.560367494821548462e-01,6.380458354949951172e+00
-3.773769140243530273e+00,-4.305937886238098145e-02,-9.082716703414916992e-02,1.091186332702636719e+01
-3.775180816650390625e+00,-8.467487245798110962e-02,-4.711848869919776917e-02,2.062125205993652344e+01
-3.724525690078735352e+00,1.903349310159683228e-01,-5.372506566345691681e-03,2.078544425964355469e+01
-3.772238016128540039e+00,1.017183810472488403e-01,2.590121142566204071e-02,9.624698638916015625e+01
-3.773336648941040039e+00,-2.664009854197502136e-02,-9.805829077959060669e-02,1.011273384094238281e+01
-3.718616247177124023e+00,1.977614015340805054e-01,-1.665947400033473969e-02,2.024493789672851562e+01
-3.792319536209106445e+00,-1.922704838216304779e-02,4.155512899160385132e-03,5.386895751953125000e+01
-3.709634065628051758e+00,-1.421191990375518799e-01,1.556339263916015625e-01,1.839306449890136719e+01
-3.787943124771118164e+00,-6.069249007850885391e-03,-5.114015564322471619e-02,1.929617118835449219e+01
-3.779267549514770508e+00,-7.593066245317459106e-02,3.915182501077651978e-02,2.681301116943359375e+01
-3.772360086441040039e+00,5.964815616607666016e-02,-8.548888564109802246e-02,1.158830261230468750e+01
-3.748074531555175781e+00,6.635376811027526855e-02,-1.388662606477737427e-01,7.161066055297851562e+00
-3.783327341079711914e+00,7.102166116237640381e-02,-9.231943637132644653e-03,5.013617706298828125e+01
-3.792494773864746094e+00,-1.702365279197692871e-02,1.719282474368810654e-03,5.357486343383789062e+01
-3.766153573989868164e+00,-8.878292143344879150e-02,7.992394268512725830e-02,1.883083343505859375e+01
-3.761415004730224609e+00,1.009843498468399048e-01,-8.046527951955795288e-02,1.088478851318359375e+01
-3.712948560714721680e+00,1.487025022506713867e-01,-1.425656527280807495e-01,6.977148056030273438e+00
-3.732005596160888672e+00,1.531977057456970215e-01,-9.388565272092819214e-02,1.055936527252197266e+01
-3.774701356887817383e+00,3.343367204070091248e-02,-9.218827635049819946e-02,1.075187492370605469e+01
-3.773821353912353516e+00,9.481932222843170166e-02,-3.382031247019767761e-02,2.905726051330566406e+01
-3.785759687423706055e+00,3.150584921240806580e-02,-5.305700749158859253e-02,1.860491943359375000e+01
-3.681587457656860352e+00,1.307432353496551514e-01,-2.050813436508178711e-01,4.872026443481445312e+00
-3.733908653259277344e+00,-1.461624950170516968e-01,-9.938740730285644531e-02,9.978881835937500000e+00
-3.711175680160522461e+00,-2.833598852157592773e-02,-2.058347165584564209e-01,4.854405403137207031e+00
-3.790697336196899414e+00,3.289620578289031982e-02,-1.234609261155128479e-02,7.800227355957031250e+01
-3.685597658157348633e+00,7.191563397645950317e-02,-2.273129075765609741e-01,4.403399944305419922e+00
-3.745148181915283203e+00,1.510928869247436523e-01,5.058268085122108459e-02,5.954505157470703125e+01
-3.731466293334960938e+00,1.375189572572708130e-01,-1.168614402413368225e-01,8.497109413146972656e+00
-3.696923971176147461e+00,2.105601318180561066e-02,-2.242513895034790039e-01,4.462358474731445312e+00
-3.773891210556030273e+00,-6.340920180082321167e-02,7.844997197389602661e-02,2.943242454528808594e+01
-3.706174850463867188e+00,-1.194740310311317444e-01,-1.780600249767303467e-01,5.600008010864257812e+00
-3.787336587905883789e+00,1.506185811012983322e-02,-5.240776017308235168e-02,1.883339881896972656e+01
-3.786998271942138672e+00,3.257386386394500732e-02,-4.581177979707717896e-02,2.151939201354980469e+01
-3.770023107528686523e+00,-1.050793230533599854e-01,3.365235775709152222e-02,1.897744941711425781e+01
-3.701061248779296875e+00,2.183976322412490845e-01,3.269344940781593323e-02,1.999510765075683594e+01
-3.671059131622314453e+00,-7.603274285793304443e-02,2.432925552129745483e-01,3.073286056518554688e+01
-3.737559795379638672e+00,-1.709365397691726685e-01,1.011624839156866074e-02,1.953465461730957031e+01
-3.790571928024291992e+00,-9.562124498188495636e-03,-3.445734828710556030e-02,2.852494621276855469e+01
-3.754210472106933594e+00,-1.347320973873138428e-01,-4.819687083363533020e-02,1.934188842773437500e+01
-3.792806386947631836e+00,1.145121059380471706e-03,-1.090889424085617065e-02,8.791469573974609375e+01
-3.784770965576171875e+00,6.175084784626960754e-02,-2.329723909497261047e-02,4.195626449584960938e+01
-3.783342123031616211e+00,-1.413077767938375473e-02,-6.975001841783523560e-02,1.418240070343017578e+01
-3.745515584945678711e+00,1.148013323545455933e-01,-1.091516986489295959e-01,9.092379570007324219e+00
-3.782339334487915039e+00,3.778493031859397888e-02,-6.463133543729782104e-02,1.529702949523925781e+01
-3.792782545089721680e+00,-1.048957463353872299e-02,-5.108273122459650040e-03,6.724729919433593750e+01
-3.738612651824951172e+00,-6.510417163372039795e-02,1.571245938539505005e-01,3.003336143493652344e+01
-3.789498805999755859e+00,-3.984620794653892517e-02,1.717684976756572723e-02,3.752862548828125000e+01
-3.738660097122192383e+00,-1.586031019687652588e-01,-5.965401977300643921e-02,1.629386901855468750e+01
-3.782841682434082031e+00,-6.604290008544921875e-02,3.231673687696456909e-02,2.674581527709960938e+01
-3.769866228103637695e+00,-1.076895296573638916e-01,2.552912943065166473e-02,1.908485603332519531e+01
-3.754485368728637695e+00,-9.301296621561050415e-02,-1.079642996191978455e-01,9.191546440124511719e+00
-3.789423942565917969e+00,-3.039251081645488739e-02,3.179927170276641846e-02,3.776807403564453125e+01
-3.752479553222656250e+00,1.429303288459777832e-01,-3.159399703145027161e-02,2.901488685607910156e+01
