-1.158565521240234375e+00,1.379305273294448853e-01,-1.725846230983734131e-01,5.775628089904785156e+00
-1.176477909088134766e+00,-1.233355700969696045e-01,-5.633067712187767029e-02,1.726584625244140625e+01
-1.180039048194885254e+00,-6.863479316234588623e-02,8.790726214647293091e-02,2.215879821777343750e+01
-1.151193618774414062e+00,-1.701709628105163574e-01,-1.803787052631378174e-01,5.529209613800048828e+00
-1.180088520050048828e+00,-6.918189674615859985e-02,-8.646176010370254517e-02,1.145951747894287109e+01
-1.186273217201232910e+00,-3.607863932847976685e-02,-2.342133596539497375e-02,2.875413322448730469e+01
-1.184695839881896973e+00,-1.587869413197040558e-02,-6.505715847015380859e-02,1.519871425628662109e+01
-1.173399806022644043e+00,5.466268956661224365e-02,-1.433142125606536865e-01,6.941133975982666016e+00
-1.154193282127380371e+00,-2.369785755872726440e-01,4.853253252804279327e-03,1.133750247955322266e+01
-1.166920304298400879e+00,-1.808891296386718750e-01,4.356141015887260437e-02,1.119854450225830078e+01
-1.184512853622436523e+00,-6.864000856876373291e-02,1.128603145480155945e-02,2.878329849243164062e+01
-1.177270531654357910e+00,1.248122528195381165e-01,3.852393478155136108e-02,6.870316314697265625e+01
-1.167901992797851562e+00,9.060881286859512329e-02,-1.570265740156173706e-01,6.340923786163330078e+00
-1.175049304962158203e+00,-1.433923840522766113e-01,1.626175828278064728e-02,1.533015918731689453e+01
-1.153236508369445801e+00,-1.208068504929542542e-01,2.086255550384521484e-01,1.179837131500244141e+01
-1.178087592124938965e+00,-1.060770526528358459e-01,6.691655516624450684e-02,1.876207542419433594e+01
-1.185191750526428223e+00,2.965186163783073425e-02,-5.264964327216148376e-02,1.874931335449218750e+01
-1.179286241531372070e+00,-7.374798506498336792e-02,-9.043525904417037964e-02,1.095949935913085938e+01
-1.185555458068847656e+00,-2.922254055738449097e-02,4.736422747373580933e-02,8.660636901855468750e+01
-1.166388630867004395e+00,-1.821313202381134033e-01,4.852515831589698792e-02,1.119305133819580078e+01
-1.147289276123046875e+00,4.885372892022132874e-02,-2.557928562164306641e-01,3.923010587692260742e+00
-1.174342513084411621e+00,1.347671449184417725e-01,-6.171553581953048706e-02,1.601620483398437500e+01
-1.183805942535400391e+00,7.511223107576370239e-02,-1.892725378274917603e-02,5.145506668090820312e+01
-1.161205172538757324e+00,1.183455437421798706e-01,-1.740016043186187744e-01,5.729138851165771484e+00
-1.185565233230590820e+00,-2.782221883535385132e-02,-4.749837890267372131e-02,2.076416397094726562e+01
-1.174732565879821777e+00,-1.371000409126281738e-01,-5.042022466659545898e-02,1.881299972534179688e+01
-1.179518222808837891e+00,-5.436404421925544739e-02,1.018135324120521545e-01,2.216547775268554688e+01
-1.149177789688110352e+00,-2.356792390346527100e-01,9.693038463592529297e-02,1.073685073852539062e+01
-1.186829328536987305e+00,-2.623877115547657013e-02,1.564695127308368683e-02,4.546479797363281250e+01
-1.187245130538940430e+00,-1.108629908412694931e-02,-9.713379666209220886e-03,6.075799560546875000e+01
-1.179787516593933105e+00,6.374225020408630371e-02,-9.321389347314834595e-02,1.063505840301513672e+01
-1.179080605506896973e+00,-4.512164741754531860e-02,-1.091255620121955872e-01,9.094787597656250000e+00
-1.174634814262390137e+00,1.454231590032577515e-01,-1.817237399518489838e-02,2.760403251647949219e+01
-1.186593532562255859e+00,-3.451287001371383667e-02,-1.122200582176446915e-02,2.862654685974121094e+01
-1.184226989746093750e+00,5.740429833531379700e-02,-4.455128312110900879e-02,2.212491989135742188e+01
-1.187132120132446289e+00,1.500237826257944107e-02,-1.334359776228666306e-02,7.236264038085937500e+01
-1.172431945800781250e+00,-7.947959750890731812e-02,-1.374173760414123535e-01,7.236167430877685547e+00
-1.184433460235595703e+00,6.895907968282699585e-02,-1.370658073574304581e-02,6.871053314208984375e+01
-1.171849370002746582e+00,-1.360766142606735229e-01,-8.779986947774887085e-02,1.128643417358398438e+01
-1.175466060638427734e+00,-9.271214902400970459e-02,-1.071715280413627625e-01,9.259460449218750000e+00
-1.185792326927185059e+00,5.077144131064414978e-02,9.864489547908306122e-03,9.575765228271484375e+01
-1.154636621475219727e+00,-2.132457196712493896e-01,1.007890999317169189e-01,1.098291397094726562e+01
-1.163958311080932617e+00,-1.903487890958786011e-01,-5.807626247406005859e-02,1.675209617614746094e+01
-1.170955181121826172e+00,-8.153264969587326050e-02,-1.450993567705154419e-01,6.856592178344726562e+00
-1.152405261993408203e+00,-8.740629255771636963e-02,2.276398837566375732e-01,2.265196800231933594e+01
-1.181613206863403320e+00,9.656108915805816650e-02,-1.930020190775394440e-02,4.167893981933593750e+01
-1.186309576034545898e+00,-1.881970465183258057e-02,3.828844428062438965e-02,8.675101470947265625e+01
-1.185774326324462891e+00,2.604723535478115082e-02,-4.466517642140388489e-02,2.206878662109375000e+01
-1.176148533821105957e+00,-6.161741539835929871e-02,-1.229068785905838013e-01,8.082612991333007812e+00
-1.172114968299865723e+00,-1.566899865865707397e-01,-3.489711508154869080e-02,1.541485786437988281e+01
-1.180708765983581543e+00,7.731974869966506958e-02,-7.230105996131896973e-02,1.368669414520263672e+01
-1.163113951683044434e+00,7.363788783550262451e-02,-1.885233074426651001e-01,5.293360710144042969e+00
-1.155811071395874023e+00,-1.178776621818542480e-01,-1.989988386631011963e-01,5.018712520599365234e+00
-1.184440970420837402e+00,5.130421370267868042e-02,-4.781180620193481445e-02,2.062941932678222656e+01
-1.185990214347839355e+00,-4.796440526843070984e-02,6.607857532799243927e-03,2.897582054138183594e+01
-1.184633016586303711e+00,6.782522797584533691e-02,4.003678448498249054e-03,6.896911621093750000e+01
-1.165269494056701660e+00,-1.653515547513961792e-01,-1.003335714340209961e-01,9.886065483093261719e+00
-1.172290205955505371e+00,-1.538692414760589600e-01,-4.238897189497947693e-02,1.538410854339599609e+01
-1.167840003967285156e+00,-1.007641702890396118e-01,1.517031043767929077e-01,2.179530906677246094e+01
