-3.065778732299804688e+00,-3.880466893315315247e-02,-1.742255389690399170e-01,5.721717357635498047e+00
-3.077172756195068359e+00,1.495161950588226318e-01,4.783888161182403564e-02,6.170474624633789062e+01
-3.115197181701660156e+00,1.170354802161455154e-02,5.456061568111181259e-03,8.169409751892089844e+00
-3.029222011566162109e+00,-1.575201004743576050e-01,1.767581403255462646e-01,1.599703311920166016e+01
-3.068709373474121094e+00,9.635686129331588745e-02,-1.439577490091323853e-01,6.910364627838134766e+00
-3.054959535598754883e+00,-1.927283555269241333e-01,4.388549551367759705e-02,1.580786800384521484e+01
-3.115192413330078125e+00,6.541887298226356506e-03,-1.072695851325988770e-02,8.937425231933593750e+01
-3.068357229232788086e+00,1.145121059380471706e-03,-1.736967712640762329e-01,5.738931179046630859e+00
-3.090605497360229492e+00,-7.862139493227005005e-02,-9.875836223363876343e-02,1.004199409484863281e+01
-3.032941102981567383e+00,-1.710899472236633301e-01,1.560152918100357056e-01,1.571015834808349609e+01
-3.065313577651977539e+00,-1.794819384813308716e-01,-9.990796446800231934e-03,1.622486495971679688e+01
-3.115394115447998047e+00,-1.983408117666840553e-03,-5.566095001995563507e-03,8.187971115112304688e+00
-3.028071880340576172e+00,-2.194616496562957764e-01,9.199699759483337402e-02,1.611721038818359375e+01
-3.114596843719482422e+00,1.841306127607822418e-02,-1.398973725736141205e-02,6.910443115234375000e+01
-3.098042488098144531e+00,-9.527027606964111328e-02,-4.588217660784721375e-02,2.115932655334472656e+01
-3.109840631484985352e+00,4.696697369217872620e-02,3.766232728958129883e-02,7.848146915435791016e+00
-3.064348697662353516e+00,-7.033631950616836548e-02,-1.669749468564987183e-01,5.967139244079589844e+00
-3.110918521881103516e+00,4.735385999083518982e-02,-2.526917867362499237e-02,7.795340538024902344e+00
-3.108345985412597656e+00,2.990809269249439240e-02,-6.013474240899085999e-02,7.893445968627929688e+00
-3.068569898605346680e+00,1.635848432779312134e-01,5.874571576714515686e-02,5.617498397827148438e+01
-3.089204311370849609e+00,-8.281433582305908203e-02,-9.990029782056808472e-02,9.928047180175781250e+00
-3.075291633605957031e+00,-1.560186147689819336e-01,-3.895015269517898560e-02,1.655463409423828125e+01
-3.104852437973022461e+00,5.462667718529701233e-02,-6.137155741453170776e-02,1.610404968261718750e+01
-3.103642225265502930e+00,1.706212572753429413e-02,-8.499974757432937622e-02,7.887387752532958984e+00
-3.048801898956298828e+00,-6.799387931823730469e-02,1.963494420051574707e-01,2.769914054870605469e+01
-3.100324392318725586e+00,1.726011000573635101e-02,-9.665295481681823730e-02,1.025902080535888672e+01
-3.027028799057006836e+00,-2.387873679399490356e-01,-8.488812483847141266e-03,3.336699676513671875e+01
-3.113988161087036133e+00,-2.811422571539878845e-02,1.298432424664497375e-02,3.564538574218750000e+01
-3.095118999481201172e+00,6.074886023998260498e-02,-9.642412513494491577e-02,8.074131011962890625e+00
-3.096421718597412109e+00,-7.184555754065513611e-03,-1.099684536457061768e-01,7.914987087249755859e+00
-3.093271493911743164e+00,-9.277006983757019043e-02,-7.503826916217803955e-02,1.319070434570312500e+01
-3.057293415069580078e+00,-1.886463910341262817e-01,4.442198202013969421e-02,1.586159038543701172e+01
-3.115414381027221680e+00,-2.264067530632019043e-03,-4.209530539810657501e-03,8.183555603027343750e+00
-3.058323383331298828e+00,1.742895245552062988e-01,-7.980518788099288940e-02,1.240886116027832031e+01
-3.112401723861694336e+00,-3.188017010688781738e-02,-3.045905753970146179e-02,3.222273254394531250e+01
-3.112275600433349609e+00,3.030018135905265808e-02,3.380570560693740845e-02,7.819720745086669922e+00
-3.059190988540649414e+00,-1.779647767543792725e-01,6.860442459583282471e-02,1.592264652252197266e+01
-3.114923238754272461e+00,-9.661345742642879486e-03,-1.541746314615011215e-02,8.217145919799804688e+00
-3.114814043045043945e+00,-1.172390207648277283e-02,-1.623744145035743713e-02,8.213889122009277344e+00
-3.075194835662841797e+00,-1.426249593496322632e-01,7.546256482601165771e-02,1.599434185028076172e+01
-3.025365829467773438e+00,-1.573775559663772583e-01,-1.830787062644958496e-01,5.448646545410156250e+00
-3.066492795944213867e+00,-2.686959132552146912e-02,-1.751168668270111084e-01,5.692952156066894531e+00
-3.077058076858520508e+00,1.568823754787445068e-01,7.335811853408813477e-03,2.572101974487304688e+01
-3.095235109329223633e+00,-1.527406647801399231e-02,-1.125857084989547729e-01,7.970751285552978516e+00
-3.115454673767089844e+00,-0.000000000000000000e+00,-8.155452087521553040e-05,8.202793121337890625e+00
-3.027054071426391602e+00,-1.619399040937423706e-01,-1.759686917066574097e-01,5.665898323059082031e+00
-3.069067955017089844e+00,-1.293413341045379639e-01,-1.146176308393478394e-01,8.662343978881835938e+00
-3.067384481430053711e+00,-1.219763606786727905e-01,-1.267648339271545410e-01,7.838665008544921875e+00
-3.096495866775512695e+00,-1.039917096495628357e-01,-3.701562061905860901e-02,2.397197914123535156e+01
-3.112583160400390625e+00,3.957295045256614685e-02,-1.596354506909847260e-02,7.811993122100830078e+00
-3.042049407958984375e+00,-2.135263383388519287e-01,-4.199077188968658447e-02,2.346432113647460938e+01
-3.108563661575317383e+00,4.581795632839202881e-02,-4.772604256868362427e-02,8.028489112854003906e+00
-3.111484289169311523e+00,3.036503680050373077e-02,4.065286740660667419e-02,7.841025829315185547e+00
-3.086203575134277344e+00,1.357369869947433472e-01,-1.832858845591545105e-02,2.895139312744140625e+01
-3.075547933578491211e+00,1.564545333385467529e-01,3.454482927918434143e-02,5.654123306274414062e+01
-3.051522970199584961e+00,-1.743932962417602539e-01,-1.041167527437210083e-01,9.529301643371582031e+00
-3.100126028060913086e+00,-7.212024182081222534e-02,-6.796132028102874756e-02,1.455374813079833984e+01
-3.082993507385253906e+00,-1.213211268186569214e-01,-7.844982296228408813e-02,1.262124729156494141e+01
-3.113597154617309570e+00,1.686535216867923737e-02,-2.966668829321861267e-02,3.307162475585937500e+01
-3.102032184600830078e+00,8.359678089618682861e-02,-3.981282562017440796e-02,2.473014259338378906e+01
-3.104384899139404297e+00,6.021934375166893005e-02,-5.853107199072837830e-02,1.687940216064453125e+01
-3.115022182464599609e+00,-3.145533148199319839e-03,-1.599181070923805237e-02,6.066227340698242188e+01
-3.104428052902221680e+00,7.408697158098220825e-02,-3.932459652423858643e-02,2.503377723693847656e+01
-3.081526756286621094e+00,1.321728825569152832e-01,-6.549707055091857910e-02,1.509775352478027344e+01
-3.112928390502929688e+00,1.648284308612346649e-02,-3.628996759653091431e-02,7.927088260650634766e+00
-3.016563653945922852e+00,-2.012217938899993896e-01,-1.535481512546539307e-01,6.483211517333984375e+00
