-1.039049386978149414e+00,-1.639854758977890015e-01,-9.835234284400939941e-02,1.008349895477294922e+01
-1.033362269401550293e+00,1.217635720968246460e-01,-1.799231469631195068e-01,5.542853832244873047e+00
-1.046558022499084473e+00,-1.480970084667205811e-01,1.874346472322940826e-02,1.514661502838134766e+01
-1.040066838264465332e+00,-1.325765997171401978e-01,1.311169266700744629e-01,1.526741790771484375e+01
-1.035527825355529785e+00,2.023664414882659912e-01,4.555441439151763916e-02,5.057026672363281250e+01
-1.049316883087158203e+00,7.893571257591247559e-02,-1.029357910156250000e-01,9.637317657470703125e+00
-1.056460261344909668e+00,-4.479939118027687073e-02,-3.752697631716728210e-02,2.621898841857910156e+01
-1.049319386482238770e+00,5.393785983324050903e-02,-1.179521903395652771e-01,8.419119834899902344e+00
-1.057351231575012207e+00,-3.284542262554168701e-02,2.614468708634376526e-02,2.964411735534667969e+01
-1.034769654273986816e+00,2.101220339536666870e-01,-1.582329720258712769e-02,1.954417800903320312e+01
-1.055904984474182129e+00,-6.670879572629928589e-02,-7.103709504008293152e-03,2.854253768920898438e+01
-1.057336807250976562e+00,3.570156544446945190e-02,-2.082864008843898773e-02,4.683868408203125000e+01
-1.053983092308044434e+00,-7.123971730470657349e-02,-5.512945726513862610e-02,1.791222953796386719e+01
-1.057239532470703125e+00,3.673853725194931030e-02,-2.325295284390449524e-02,4.203793716430664062e+01
-1.053755521774291992e+00,2.004367113113403320e-02,-8.971613645553588867e-02,1.104629611968994141e+01
-1.028122782707214355e+00,-2.173566967248916626e-01,-1.012128368020057678e-01,9.650676727294921875e+00
-1.029392480850219727e+00,-1.198505014181137085e-01,2.021335512399673462e-01,1.154525566101074219e+01
-1.051143884658813477e+00,1.098408773541450500e-01,-3.609141334891319275e-02,2.725156402587890625e+01
-1.049298167228698730e+00,6.401769071817398071e-02,-1.129737198352813721e-01,8.787161827087402344e+00
-1.038839936256408691e+00,1.232857536524534225e-02,-1.911460906267166138e-01,5.221641063690185547e+00
-1.041638016700744629e+00,1.688903421163558960e-01,5.397530272603034973e-02,5.147890090942382812e+01
-1.056250452995300293e+00,-1.723937690258026123e-02,5.963573232293128967e-02,8.676351165771484375e+01
-1.056405663490295410e+00,5.281618982553482056e-02,-2.578147128224372864e-02,3.797864532470703125e+01
-1.055579543113708496e+00,-6.326417624950408936e-02,3.374920040369033813e-02,2.549800300598144531e+01
-1.056909084320068359e+00,-4.363296926021575928e-02,-2.587679214775562286e-02,2.852236747741699219e+01
-1.024480819702148438e+00,2.923069894313812256e-02,-2.513302862644195557e-01,3.990989208221435547e+00
-1.035396814346313477e+00,1.692711114883422852e-01,-1.210527047514915466e-01,8.205543518066406250e+00
-1.054514408111572266e+00,-6.394217908382415771e-02,-5.489384010434150696e-02,1.798842239379882812e+01
-1.031821012496948242e+00,2.033973634243011475e-01,-9.337946772575378418e-02,1.061688613891601562e+01
-1.035829186439514160e+00,6.577139347791671753e-02,-1.951965391635894775e-01,5.114870071411132812e+00
-1.037195324897766113e+00,-1.968577355146408081e-01,-3.648547083139419556e-02,1.127692222595214844e+01
-1.043785572052001953e+00,-1.585283577442169189e-01,4.959305003285408020e-02,1.495861816406250000e+01
-1.041481256484985352e+00,5.313362926244735718e-02,-1.698638796806335449e-01,5.866805076599121094e+00
-1.057080626487731934e+00,-4.249909892678260803e-02,-2.108265459537506104e-02,2.838884162902832031e+01
-1.043289661407470703e+00,4.633171856403350830e-02,-1.615465581417083740e-01,6.165273189544677734e+00
-1.048107624053955078e+00,-7.022767513990402222e-02,-1.195306181907653809e-01,8.308859825134277344e+00
-1.056252479553222656e+00,-5.449442192912101746e-02,2.981328964233398438e-02,2.948989486694335938e+01
-1.029909491539001465e+00,-2.166025042533874512e-01,8.505322039127349854e-02,1.086313915252685547e+01
-1.058242201805114746e+00,-5.736013874411582947e-03,-2.554876962676644325e-03,8.447186279296875000e+01
-1.038615942001342773e+00,2.419639192521572113e-02,-1.911165416240692139e-01,5.222439289093017578e+00
-1.022418379783630371e+00,-2.599847912788391113e-01,-2.689347974956035614e-02,1.111815738677978516e+01
-1.048623442649841309e+00,1.214451715350151062e-01,-5.817110836505889893e-02,1.698349380493164062e+01
-1.050973176956176758e+00,1.148512735962867737e-01,-2.241901122033596039e-02,3.670094680786132812e+01
-1.046635270118713379e+00,-6.971359252929687500e-02,1.315936148166656494e-01,2.257135391235351562e+01
-1.049236655235290527e+00,-1.241699755191802979e-01,4.231246933341026306e-02,1.821598052978515625e+01
-1.039996504783630371e+00,-1.676636189222335815e-01,8.214396238327026367e-02,1.089234256744384766e+01
-1.049198746681213379e+00,-5.074372980743646622e-03,-1.305650323629379272e-01,7.612233161926269531e+00
-1.050338864326477051e+00,-1.195100322365760803e-01,2.863930352032184601e-02,1.838441658020019531e+01
-1.028635740280151367e+00,6.418704241514205933e-02,-2.280630618333816528e-01,4.389246940612792969e+00
-1.041834712028503418e+00,1.549841165542602539e-01,-8.362537622451782227e-02,1.184560775756835938e+01
-1.055967330932617188e+00,6.216286122798919678e-02,-2.037233300507068634e-02,4.786881637573242188e+01
-1.056349277496337891e+00,1.368069835007190704e-02,-5.814732983708381653e-02,1.698954963684082031e+01
-1.031200289726257324e+00,-1.369839906692504883e-01,-1.810719817876815796e-01,5.508168697357177734e+00
-1.058102846145629883e+00,-9.232293814420700073e-03,-1.456935610622167587e-02,6.642544555664062500e+01
-1.024202704429626465e+00,-2.101380378007888794e-01,-1.446732282638549805e-01,6.876810550689697266e+00
-1.052341222763061523e+00,-1.061029434204101562e-01,-4.204027820378541946e-03,2.145816802978515625e+01
-1.054465889930725098e+00,3.295414522290229797e-02,-7.758839428424835205e-02,1.275983715057373047e+01
