-1.402668237686157227e+00,-8.407825604081153870e-03,3.478146344423294067e-02,9.607553863525390625e+01
-1.392560601234436035e+00,-1.038779616355895996e-01,7.034070044755935669e-02,1.908218383789062500e+01
-1.399457812309265137e+00,-6.024112924933433533e-02,4.727821797132492065e-02,3.020406913757324219e+01
-1.402313470840454102e+00,2.173854224383831024e-02,-3.553841635584831238e-02,2.767382812500000000e+01
-1.389492273330688477e+00,-8.632075041532516479e-02,1.127865538001060486e-01,2.183240127563476562e+01
-1.359357118606567383e+00,2.411060780286788940e-01,7.324175536632537842e-02,3.660766220092773438e+01
-1.395711183547973633e+00,-1.054865643382072449e-01,6.592218764126300812e-03,1.937501144409179688e+01
-1.399422168731689453e+00,-6.590005010366439819e-02,-3.878487646579742432e-02,2.508448600769042969e+01
-1.395286083221435547e+00,1.010062247514724731e-01,4.040559381246566772e-02,9.336743927001953125e+01
-1.393716692924499512e+00,1.136319190263748169e-01,-3.327425941824913025e-02,2.953641700744628906e+01
-1.398967266082763672e+00,-8.020896464586257935e-02,-9.043931961059570312e-03,2.903210449218750000e+01
-1.403399825096130371e+00,-1.341228932142257690e-02,-5.148076452314853668e-03,4.659075927734375000e+01
-1.367128252983093262e+00,2.267531305551528931e-01,-2.694221027195453644e-02,1.998515129089355469e+01
-1.392868518829345703e+00,8.052962832152843475e-03,-1.227975338697433472e-01,8.090001106262207031e+00
-1.391837716102600098e+00,9.809332340955734253e-02,-8.401072770357131958e-02,1.179220294952392578e+01
-1.403398871421813965e+00,5.359991453588008881e-03,-1.322611887007951736e-02,7.300704193115234375e+01
-1.364873051643371582e+00,2.333517074584960938e-01,3.137924894690513611e-02,4.668832778930664062e+01
-1.393267035484313965e+00,-6.285842508077621460e-02,-1.031688228249549866e-01,9.616315841674804688e+00
-1.381783366203308105e+00,-1.741705536842346191e-01,2.769439667463302612e-02,1.157104873657226562e+01
-1.378867745399475098e+00,1.280978322029113770e-01,-1.373874396085739136e-01,7.238078594207763672e+00
-1.377400636672973633e+00,-8.054155111312866211e-02,-1.755258142948150635e-01,5.680117607116699219e+00
-1.395883798599243164e+00,-1.042955964803695679e-01,-6.077784579247236252e-03,2.198567771911621094e+01
-1.390749931335449219e+00,8.265493810176849365e-02,-1.067065000534057617e-01,9.299868583679199219e+00
-1.401541233062744141e+00,-4.389047250151634216e-02,-3.010845743119716644e-02,2.904783630371093750e+01
-1.361202478408813477e+00,-2.268814146518707275e-01,9.685672819614410400e-02,1.108907890319824219e+01
-1.403461217880249023e+00,3.293638583272695541e-03,-1.029887236654758453e-02,9.299879455566406250e+01
-1.402162551879882812e+00,-3.899930417537689209e-02,2.160258777439594269e-02,3.008124732971191406e+01
-1.360283732414245605e+00,2.313559800386428833e-01,-9.248363226652145386e-02,1.072004413604736328e+01
-1.373430013656616211e+00,2.027738094329833984e-01,-4.441202431917190552e-02,2.004674911499023438e+01
-1.395737767219543457e+00,8.794608712196350098e-02,-5.814077332615852356e-02,1.699376869201660156e+01
-1.371404647827148438e+00,2.143906652927398682e-01,-6.198127288371324539e-03,2.015950965881347656e+01
-1.376667141914367676e+00,-1.757337749004364014e-01,-8.679912239313125610e-02,1.124149894714355469e+01
-1.356203317642211914e+00,-1.144375652074813843e-01,2.348683923482894897e-01,2.225676918029785156e+01
-1.395758271217346191e+00,1.411389466375112534e-02,-1.040853112936019897e-01,9.532196998596191406e+00
-1.365855216979980469e+00,1.786275207996368408e-01,-1.489597111940383911e-01,6.681069374084472656e+00
-1.376453876495361328e+00,-1.642153412103652954e-01,-1.084857359528541565e-01,9.148804664611816406e+00
-1.390353798866271973e+00,-1.177940070629119873e-01,7.085339725017547607e-02,1.897267723083496094e+01
-1.380471467971801758e+00,1.427892446517944336e-01,-1.122583597898483276e-01,8.843527793884277344e+00
-1.356936454772949219e+00,-7.774278987199068069e-03,-2.579348087310791016e-01,3.891276359558105469e+00
-1.395511031150817871e+00,-3.772808611392974854e-02,-9.981527179479598999e-02,9.936964035034179688e+00
-1.366306424140930176e+00,2.121371626853942871e-01,-9.155862033367156982e-02,1.082739925384521484e+01
-1.370307087898254395e+00,6.372166424989700317e-02,-2.083266228437423706e-01,4.797547340393066406e+00
-1.401609182357788086e+00,-5.220751091837882996e-02,-5.307732149958610535e-03,2.934322929382324219e+01
-1.400988459587097168e+00,-5.333526432514190674e-02,2.865437977015972137e-02,2.971411132812500000e+01
-1.391615271568298340e+00,1.296791583299636841e-01,-1.474706828594207764e-02,2.874751472473144531e+01
-1.385716199874877930e+00,-9.606896340847015381e-02,-1.271761655807495117e-01,7.813858985900878906e+00
-1.381863474845886230e+00,-1.575147807598114014e-01,-7.835577428340911865e-02,1.244383144378662109e+01
-1.371986865997314453e+00,2.096605896949768066e-01,3.547248616814613342e-02,4.660552597045898438e+01
-1.385468244552612305e+00,-1.225097477436065674e-02,-1.598288267850875854e-01,6.231073856353759766e+00
-1.383832693099975586e+00,-1.588896661996841431e-01,5.442206934094429016e-02,1.211477375030517578e+01
-1.384484052658081055e+00,-8.816094696521759033e-02,-1.392389982938766479e-01,7.142623901367187500e+00
-1.371313810348510742e+00,-7.915160804986953735e-02,-1.994108706712722778e-01,5.008591651916503906e+00
-1.401436448097229004e+00,-5.453161895275115967e-02,-5.099529400467872620e-03,2.958036231994628906e+01
-1.392662763595581055e+00,1.670555025339126587e-02,-1.231297329068183899e-01,8.068359375000000000e+00
-1.380502104759216309e+00,-1.742881536483764648e-01,5.098040401935577393e-02,1.152035903930664062e+01
-1.358350992202758789e+00,6.366419140249490738e-03,-2.540028095245361328e-01,3.950089216232299805e+00
-1.376190662384033203e+00,1.295080482959747314e-01,-1.495463848114013672e-01,6.654990196228027344e+00
-1.398653030395507812e+00,-4.714184254407882690e-02,-6.857294589281082153e-02,1.442601299285888672e+01
-1.393604755401611328e+00,-1.138147115707397461e-01,3.537445142865180969e-02,1.885355377197265625e+01
