0.000000000000000000e+00,-1.839686743915081024e-02,-1.121664769016206264e-03,4.573226547241210938e+01
0.000000000000000000e+00,-7.904750853776931763e-02,5.102416872978210449e-02,2.122024345397949219e+01
0.000000000000000000e+00,5.219151824712753296e-02,-1.659006997942924500e-02,5.897791671752929688e+01
0.000000000000000000e+00,-1.153132542967796326e-01,-1.067455187439918518e-01,9.309119224548339844e+00
0.000000000000000000e+00,-3.028050065040588379e-02,3.736854717135429382e-02,2.905098724365234375e+01
0.000000000000000000e+00,-9.306942671537399292e-02,-1.222395747900009155e-01,8.136542320251464844e+00
0.000000000000000000e+00,-1.560151576995849609e-01,1.180033832788467407e-01,1.070355033874511719e+01
0.000000000000000000e+00,-1.514473650604486465e-02,1.079147867858409882e-02,4.586124801635742188e+01
0.000000000000000000e+00,-1.138598397374153137e-01,1.778605878353118896e-01,1.842270660400390625e+01
0.000000000000000000e+00,-2.217006683349609375e-01,-1.172565445303916931e-01,8.350231170654296875e+00
0.000000000000000000e+00,2.134306728839874268e-01,-5.130138248205184937e-02,1.929101562500000000e+01
0.000000000000000000e+00,-1.230673491954803467e-01,2.001087516546249390e-01,1.096954917907714844e+01
0.000000000000000000e+00,-2.440490014851093292e-02,1.767498813569545746e-02,4.493254470825195312e+01
0.000000000000000000e+00,1.771934330463409424e-01,5.879759415984153748e-02,5.100979232788085938e+01
0.000000000000000000e+00,1.143257990479469299e-01,-2.097448855638504028e-01,4.769469261169433594e+00
0.000000000000000000e+00,1.554948985576629639e-01,6.144270300865173340e-02,6.003584671020507812e+01
0.000000000000000000e+00,-1.044877916574478149e-01,-1.511428952217102051e-01,6.592057228088378906e+00
0.000000000000000000e+00,-6.910079717636108398e-02,-1.207431703805923462e-01,8.236621856689453125e+00
0.000000000000000000e+00,-2.625694125890731812e-02,-1.627209484577178955e-01,6.127459526062011719e+00
0.000000000000000000e+00,-5.577966105192899704e-03,3.369537414982914925e-03,8.420282745361328125e+01
0.000000000000000000e+00,-1.400276124477386475e-01,1.048061177134513855e-01,1.491070175170898438e+01
0.000000000000000000e+00,-9.843173623085021973e-02,-1.580004543066024780e-01,6.308663368225097656e+00
0.000000000000000000e+00,-2.745121531188488007e-02,7.437768578529357910e-02,8.631195831298828125e+01
0.000000000000000000e+00,-2.140974625945091248e-02,-2.675353083759546280e-03,4.409267044067382812e+01
0.000000000000000000e+00,-1.298868805170059204e-01,-1.001018136739730835e-01,9.923075675964355469e+00
0.000000000000000000e+00,-1.402119845151901245e-01,-1.715648472309112549e-01,5.815052986145019531e+00
0.000000000000000000e+00,-7.341394573450088501e-02,4.354103654623031616e-02,2.507463264465332031e+01
0.000000000000000000e+00,1.720291227102279663e-01,3.421533480286598206e-02,5.556205368041992188e+01
0.000000000000000000e+00,-4.635101556777954102e-02,-7.451659534126520157e-03,2.815071296691894531e+01
0.000000000000000000e+00,1.859319861978292465e-03,-1.458810865879058838e-01,6.827540874481201172e+00
0.000000000000000000e+00,-3.414121270179748535e-02,1.668335497379302979e-02,2.986574554443359375e+01
0.000000000000000000e+00,-9.420477598905563354e-02,1.029000133275985718e-01,2.089477729797363281e+01
2.575898463419434847e-07,1.951090693473815918e-01,-2.510072104632854462e-02,1.937242507934570312e+01
0.000000000000000000e+00,-1.762914285063743591e-02,-1.686459332704544067e-01,5.914470195770263672e+00
0.000000000000000000e+00,-1.458740420639514923e-02,2.821680344641208649e-02,8.585121154785156250e+01
2.043948938990070019e-07,2.521094679832458496e-01,-4.941342864185571671e-03,1.935813140869140625e+01
2.145075654880201910e-07,2.201483398675918579e-01,7.670229300856590271e-03,1.928843879699707031e+01
0.000000000000000000e+00,-2.101611793041229248e-01,4.113018512725830078e-02,1.053400325775146484e+01
-3.484972694423049688e-06,5.024963989853858948e-02,3.853452159091830254e-03,9.503128814697265625e+01
0.000000000000000000e+00,6.031632423400878906e-02,-2.110329829156398773e-02,4.652544403076171875e+01
0.000000000000000000e+00,-1.469160467386245728e-01,-9.671147563494741917e-04,1.468649101257324219e+01
0.000000000000000000e+00,2.035377621650695801e-01,-1.504841893911361694e-01,6.620826244354248047e+00
0.000000000000000000e+00,-1.204489357769489288e-02,2.956743910908699036e-02,8.666442871093750000e+01
0.000000000000000000e+00,1.851958222687244415e-02,-1.170375868678092957e-01,8.495515823364257812e+00
0.000000000000000000e+00,-4.447882622480392456e-02,2.232912369072437286e-02,2.897613143920898438e+01
0.000000000000000000e+00,-1.167000308632850647e-01,-3.028696589171886444e-02,2.137794113159179688e+01
0.000000000000000000e+00,-3.086353652179241180e-02,1.594335027039051056e-02,2.993453598022460938e+01
0.000000000000000000e+00,-1.264193356037139893e-01,-6.087437272071838379e-02,1.602285575866699219e+01
0.000000000000000000e+00,-1.370084285736083984e-01,1.764857470989227295e-01,1.090521717071533203e+01
0.000000000000000000e+00,-2.037744224071502686e-01,-9.715274907648563385e-03,1.068715286254882812e+01
0.000000000000000000e+00,-1.180574446916580200e-01,1.451684683561325073e-01,1.816047859191894531e+01
0.000000000000000000e+00,-2.234124541282653809e-01,3.300465643405914307e-03,1.054365921020507812e+01
0.000000000000000000e+00,-2.525241300463676453e-02,1.953650824725627899e-02,4.472948074340820312e+01
0.000000000000000000e+00,-1.884199529886245728e-01,1.217548772692680359e-01,1.038755989074707031e+01
0.000000000000000000e+00,7.517011836171150208e-03,-7.657561451196670532e-02,1.295172309875488281e+01
0.000000000000000000e+00,-1.023649703711271286e-02,-3.016053698956966400e-02,3.267955780029296875e+01
0.000000000000000000e+00,6.614375859498977661e-03,-3.600477054715156555e-02,2.741633415222167969e+01
0.000000000000000000e+00,7.421249523758888245e-03,-1.339543890208005905e-02,7.276258850097656250e+01
-3.398014769118162803e-06,4.416538402438163757e-02,1.058087032288312912e-02,9.494029998779296875e+01
0.000000000000000000e+00,-9.297959506511688232e-02,-6.032869964838027954e-02,1.641834831237792969e+01
0.000000000000000000e+00,1.609937399625778198e-01,1.551635283976793289e-02,2.692319488525390625e+01
0.000000000000000000e+00,1.025473624467849731e-01,2.518840692937374115e-02,8.899236297607421875e+01
