-3.429911613464355469e+00,-1.555634103715419769e-02,7.875652052462100983e-03,5.269987106323242188e+01
-3.409788846969604492e+00,9.174785017967224121e-02,-5.996769294142723083e-02,1.647807693481445312e+01
-3.417526721954345703e+00,5.843397602438926697e-02,-6.379044055938720703e-02,1.549767303466796875e+01
-3.412261247634887695e+00,-5.495428666472434998e-02,-8.668042719364166260e-02,1.143035888671875000e+01
-3.346018075942993164e+00,2.153411358594894409e-01,-5.535222589969635010e-02,1.784313392639160156e+01
-3.355492591857910156e+00,4.171879962086677551e-03,-2.089613080024719238e-01,4.782994747161865234e+00
-3.429702758789062500e+00,-2.696622163057327271e-03,-1.994133368134498596e-02,4.887999343872070312e+01
-3.384739398956298828e+00,9.610003232955932617e-02,-1.319718360900878906e-01,7.531858921051025391e+00
-3.342676877975463867e+00,-2.171166539192199707e-01,6.588967144489288330e-02,5.901199722290039062e+01
-3.331174850463867188e+00,-2.410294413566589355e-01,-5.129946861416101456e-03,3.415060043334960938e+01
-3.324414491653442383e+00,2.116093933582305908e-01,-1.323760002851486206e-01,7.509463310241699219e+00
-3.425853490829467773e+00,-5.110157281160354614e-02,7.481562439352273941e-03,3.521088790893554688e+01
-3.359959840774536133e+00,-1.915090382099151611e-01,-6.733048707246780396e-02,1.445019340515136719e+01
-3.423936128616333008e+00,6.123290956020355225e-02,-5.942150950431823730e-03,9.010246276855468750e+00
-3.417567729949951172e+00,8.462834358215332031e-02,1.902843080461025238e-02,9.035067558288574219e+00
-3.421047210693359375e+00,7.282158732414245605e-02,-1.279500592499971390e-02,9.255045890808105469e+00
-3.429823160171508789e+00,-1.312478166073560715e-02,-1.292871776968240738e-02,5.280306625366210938e+01
-3.352718353271484375e+00,-1.016884371638298035e-01,-1.873485594987869263e-01,5.326014995574951172e+00
-3.429508686065673828e+00,-1.802370883524417877e-02,-1.402423903346061707e-02,5.106687545776367188e+01
-3.360844850540161133e+00,-3.354226425290107727e-02,-1.985801607370376587e-01,5.028977394104003906e+00
-3.403968334197998047e+00,-1.234663128852844238e-01,-1.341815758496522903e-02,1.771776771545410156e+01
-3.418036460876464844e+00,8.210878819227218628e-02,2.262446843087673187e-02,9.030586242675781250e+00
-3.426977396011352539e+00,-4.144219681620597839e-02,1.740877330303192139e-02,3.592794418334960938e+01
-3.411820411682128906e+00,7.894176244735717773e-02,-6.772843748331069946e-02,1.460320568084716797e+01
-3.378591537475585938e+00,1.402640044689178467e-01,-1.030636280775070190e-01,9.625636100769042969e+00
-3.389750957489013672e+00,-1.199252605438232422e-01,9.742268919944763184e-02,1.727599716186523438e+01
-3.421479463577270508e+00,7.027523219585418701e-02,-1.651044189929962158e-02,9.378258705139160156e+00
-3.379121541976928711e+00,-3.744097426533699036e-02,-1.687030047178268433e-01,5.906657695770263672e+00
-3.417832612991333008e+00,-4.308429732918739319e-02,-7.369638979434967041e-02,1.342868995666503906e+01
-3.365074396133422852e+00,-1.246301755309104919e-01,-1.505894064903259277e-01,6.608993530273437500e+00
-3.421187639236450195e+00,-7.183512300252914429e-02,-1.450211182236671448e-02,2.849834442138671875e+01
-3.421473264694213867e+00,6.620887666940689087e-02,-2.866739779710769653e-02,3.420801925659179688e+01
-3.430250883102416992e+00,-7.461300119757652283e-03,-6.355050951242446899e-03,8.945600128173828125e+01
-3.318142890930175781e+00,2.898699603974819183e-02,-2.545609176158905029e-01,3.941485404968261719e+00
-3.405262947082519531e+00,-1.125831156969070435e-01,-4.445455968379974365e-02,2.183218002319335938e+01
-3.428889274597167969e+00,-1.143043301999568939e-02,2.803757973015308380e-02,9.378345489501953125e+01
-3.386211395263671875e+00,-1.565245091915130615e-01,3.687086328864097595e-02,1.739369392395019531e+01
-3.424261331558227539e+00,-3.046499751508235931e-02,-5.122573673725128174e-02,1.926493644714355469e+01
-3.386383056640625000e+00,-9.797640144824981689e-02,1.275863051414489746e-01,1.798378181457519531e+01
-3.370627403259277344e+00,1.866847723722457886e-01,1.186564937233924866e-02,2.657253646850585938e+01
-3.349717140197753906e+00,9.141676872968673706e-02,-1.970852613449096680e-01,5.066579341888427734e+00
-3.382002830505371094e+00,1.944898441433906555e-02,-1.667100787162780762e-01,5.976423740386962891e+00
-3.429763078689575195e+00,-1.641035825014114380e-02,1.113416533917188644e-02,5.217992019653320312e+01
-3.317803859710693359e+00,-1.415736228227615356e-01,2.155245095491409302e-01,1.729770660400390625e+01
-3.382716894149780273e+00,-9.106809645891189575e-02,-1.397190093994140625e-01,7.117908000946044922e+00
-3.413355588912963867e+00,8.394583314657211304e-02,5.450604110956192017e-02,9.087986946105957031e+00
-3.341722249984741211e+00,-1.903128772974014282e-01,-1.256761103868484497e-01,7.906172275543212891e+00
-3.375259637832641602e+00,-1.460937261581420898e-01,1.051450818777084351e-01,1.721236991882324219e+01
-3.409351110458374023e+00,6.614939123392105103e-02,-8.871368318796157837e-02,9.393615722656250000e+00
-3.423839092254638672e+00,5.699873343110084534e-02,-2.405803278088569641e-02,4.065389633178710938e+01
-3.384200096130371094e+00,-1.476981937885284424e-01,-7.185696065425872803e-02,1.354572391510009766e+01
-3.389080047607421875e+00,-1.143143102526664734e-01,1.058719903230667114e-01,1.721334075927734375e+01
-3.416928052902221680e+00,8.295401185750961304e-02,-3.126323968172073364e-02,9.119107246398925781e+00
-3.409608364105224609e+00,-1.100125685334205627e-01,-5.648260936141014099e-03,2.156392860412597656e+01
-3.411528587341308594e+00,9.175045043230056763e-02,5.162891000509262085e-02,9.118156433105468750e+00
-3.426357984542846680e+00,4.800913855433464050e-02,-8.037320338189601898e-03,8.959792137145996094e+00
