0.000000000000000000e+00,3.050801716744899750e-02,-9.983240067958831787e-02,9.949489593505859375e+00
0.000000000000000000e+00,1.715241968631744385e-01,-4.627590999007225037e-02,2.137134933471679688e+01
0.000000000000000000e+00,2.966794185340404510e-02,-4.821562394499778748e-02,2.051526260375976562e+01
-1.293043866423815302e-10,7.816167920827865601e-02,-1.231671869754791260e-02,4.780869674682617188e+01
0.000000000000000000e+00,-1.596570760011672974e-01,2.062500119209289551e-01,1.101023769378662109e+01
0.000000000000000000e+00,-1.518674641847610474e-01,1.009853556752204895e-01,1.461671733856201172e+01
0.000000000000000000e+00,-1.142860874533653259e-01,6.395347416400909424e-02,1.809426116943359375e+01
0.000000000000000000e+00,1.653779894113540649e-01,-1.496285200119018555e-01,6.658253669738769531e+00
0.000000000000000000e+00,-2.180152013897895813e-02,-2.065432667732238770e-01,4.842183589935302734e+00
0.000000000000000000e+00,-1.989434808492660522e-01,-1.326935142278671265e-01,7.500391483306884766e+00
0.000000000000000000e+00,1.950875371694564819e-01,-1.594874411821365356e-01,6.250590801239013672e+00
0.000000000000000000e+00,-2.100620120763778687e-01,-2.388666942715644836e-02,1.075052928924560547e+01
0.000000000000000000e+00,-1.660100370645523071e-01,1.713814735412597656e-01,1.066291713714599609e+01
0.000000000000000000e+00,2.441750466823577881e-01,3.911682590842247009e-02,4.074626541137695312e+01
0.000000000000000000e+00,-6.143128871917724609e-02,-6.495804991573095322e-03,2.776631736755371094e+01
0.000000000000000000e+00,6.014006212353706360e-02,-2.164017260074615479e-01,4.625102519989013672e+00
0.000000000000000000e+00,-1.144292131066322327e-01,9.967195242643356323e-02,1.807454872131347656e+01
0.000000000000000000e+00,9.334736317396163940e-02,2.116538770496845245e-02,9.889780426025390625e+01
0.000000000000000000e+00,-3.631745278835296631e-02,-1.618100404739379883e-01,6.161594867706298828e+00
0.000000000000000000e+00,6.208605691790580750e-02,-1.919387578964233398e-01,5.205046653747558594e+00
0.000000000000000000e+00,-1.496561765670776367e-01,4.919618740677833557e-02,1.461131095886230469e+01
1.596788479218957946e-07,2.127373218536376953e-01,6.343608722090721130e-03,1.929615783691406250e+01
0.000000000000000000e+00,-1.191069111227989197e-01,-1.621478945016860962e-01,6.148954391479492188e+00
0.000000000000000000e+00,-1.134067103266716003e-01,2.179300487041473389e-01,1.102887344360351562e+01
0.000000000000000000e+00,-4.051098972558975220e-02,-7.042875979095697403e-03,2.804977989196777344e+01
-1.290706846956979348e-10,7.564096152782440186e-02,-7.780506275594234467e-03,4.821225357055664062e+01
0.000000000000000000e+00,-5.418164655566215515e-02,2.571611665189266205e-02,2.815021133422851562e+01
0.000000000000000000e+00,1.751484572887420654e-01,-1.542597413063049316e-01,6.460241317749023438e+00
0.000000000000000000e+00,-9.172508120536804199e-02,1.703604757785797119e-01,2.102915000915527344e+01
0.000000000000000000e+00,-9.786909818649291992e-02,-1.323831826448440552e-01,7.517612934112548828e+00
0.000000000000000000e+00,-1.903339922428131104e-01,1.291669532656669617e-02,1.057996559143066406e+01
0.000000000000000000e+00,-1.398797780275344849e-01,1.424662172794342041e-01,1.073983097076416016e+01
0.000000000000000000e+00,-1.247528642416000366e-01,9.202981740236282349e-02,1.481144618988037109e+01
0.000000000000000000e+00,4.737652093172073364e-02,-1.729328036308288574e-01,5.769505977630615234e+00
0.000000000000000000e+00,-6.377686560153961182e-02,-2.451031655073165894e-02,2.832792663574218750e+01
0.000000000000000000e+00,2.208416461944580078e-01,4.666243121027946472e-02,4.564033889770507812e+01
0.000000000000000000e+00,-8.454650640487670898e-02,1.306381225585937500e-01,2.121790695190429688e+01
0.000000000000000000e+00,9.153943508863449097e-02,-2.393774129450321198e-02,4.107973861694335938e+01
0.000000000000000000e+00,-1.512523889541625977e-01,1.331348717212677002e-01,1.075175285339355469e+01
-1.954210747499018908e-04,6.056892871856689453e-02,1.346723991446197033e-03,7.321533203125000000e+01
0.000000000000000000e+00,2.310633659362792969e-01,4.972084611654281616e-02,4.151049041748046875e+01
0.000000000000000000e+00,-2.070148438215255737e-01,-1.269950415007770061e-03,1.067837142944335938e+01
0.000000000000000000e+00,2.081560492515563965e-01,-1.446933895349502563e-01,6.883362293243408203e+00
0.000000000000000000e+00,1.725478619337081909e-01,-1.503716111183166504e-01,6.625668048858642578e+00
0.000000000000000000e+00,6.779003888368606567e-02,-1.913618892431259155e-01,5.220525264739990234e+00
0.000000000000000000e+00,-6.650323979556560516e-03,-9.115377813577651978e-02,1.089093399047851562e+01
0.000000000000000000e+00,-2.026518285274505615e-01,1.560887098312377930e-01,1.034857654571533203e+01
0.000000000000000000e+00,2.258054763078689575e-01,4.137230664491653442e-02,4.563124465942382812e+01
0.000000000000000000e+00,1.571495831012725830e-01,9.084571152925491333e-03,2.692924690246582031e+01
0.000000000000000000e+00,-1.022669151425361633e-01,7.037904113531112671e-02,1.820396995544433594e+01
0.000000000000000000e+00,-8.903264254331588745e-02,1.305705606937408447e-01,2.090887451171875000e+01
0.000000000000000000e+00,-9.410651028156280518e-02,-3.032431565225124359e-02,2.800574493408203125e+01
0.000000000000000000e+00,-6.059255823493003845e-02,-7.328300923109054565e-02,1.353046989440917969e+01
0.000000000000000000e+00,1.358453035354614258e-01,-6.768636405467987061e-02,1.464331340789794922e+01
0.000000000000000000e+00,-1.398229002952575684e-01,5.555386841297149658e-02,1.454595184326171875e+01
0.000000000000000000e+00,-1.159476712346076965e-01,1.421274840831756592e-01,1.811538124084472656e+01
0.000000000000000000e+00,-1.509348489344120026e-02,1.138857845216989517e-02,5.969190597534179688e+01
0.000000000000000000e+00,6.795702129602432251e-02,-1.014563441276550293e-01,9.791242599487304688e+00
