0.000000000000000000e+00,-1.173565164208412170e-01,5.182516574859619141e-02,1.772128677368164062e+01
0.000000000000000000e+00,1.455070525407791138e-01,-8.985051512718200684e-02,1.104835319519042969e+01
0.000000000000000000e+00,-1.065275892615318298e-01,-1.511008143424987793e-01,6.593879699707031250e+00
0.000000000000000000e+00,1.337156891822814941e-01,-2.245413213968276978e-01,4.460361957550048828e+00
0.000000000000000000e+00,1.164576485753059387e-01,4.297382384538650513e-02,8.864768218994140625e+01
0.000000000000000000e+00,9.078846126794815063e-02,-1.082373782992362976e-01,9.181572914123535156e+00
0.000000000000000000e+00,6.655751168727874756e-02,-4.148602113127708435e-02,2.381949424743652344e+01
0.000000000000000000e+00,-8.393303304910659790e-02,-3.244793415069580078e-02,2.829908180236816406e+01
0.000000000000000000e+00,-1.300308406352996826e-01,1.251903921365737915e-02,1.787048912048339844e+01
0.000000000000000000e+00,-7.360061258077621460e-02,6.645502056926488876e-03,2.811140251159667969e+01
0.000000000000000000e+00,-8.589312434196472168e-02,1.484245657920837402e-01,2.104460334777832031e+01
0.000000000000000000e+00,-1.242007762193679810e-01,-5.556401982903480530e-02,1.754499435424804688e+01
0.000000000000000000e+00,-6.108956038951873779e-02,-1.484987884759902954e-01,6.708290100097656250e+00
0.000000000000000000e+00,-1.562068313360214233e-01,4.541279375553131104e-02,1.448351287841796875e+01
0.000000000000000000e+00,-1.537519693374633789e-02,2.200652472674846649e-02,4.498071289062500000e+01
1.251782919098332059e-06,6.767290830612182617e-02,-2.574243582785129547e-03,6.813121032714843750e+01
0.000000000000000000e+00,-8.315159380435943604e-02,1.635794937610626221e-01,2.135309028625488281e+01
0.000000000000000000e+00,3.393805399537086487e-02,-1.076244637370109558e-01,9.233441352844238281e+00
0.000000000000000000e+00,-2.682296000421047211e-02,4.174846690148115158e-03,2.997169685363769531e+01
0.000000000000000000e+00,-1.479433197528123856e-02,1.830317638814449310e-02,5.959258270263671875e+01
0.000000000000000000e+00,-1.027137562632560730e-01,-4.883207846432924271e-03,2.124804115295410156e+01
0.000000000000000000e+00,-1.784543395042419434e-01,1.509351730346679688e-01,1.032529163360595703e+01
0.000000000000000000e+00,-1.694786846637725830e-01,-1.580483615398406982e-01,6.306870460510253906e+00
0.000000000000000000e+00,3.201080113649368286e-02,-2.359352633357048035e-02,4.167041778564453125e+01
0.000000000000000000e+00,1.805608421564102173e-01,-1.118912100791931152e-01,8.883920669555664062e+00
0.000000000000000000e+00,1.564300507307052612e-01,-1.357577443122863770e-01,7.332339763641357422e+00
0.000000000000000000e+00,-3.524105250835418701e-02,-7.150086015462875366e-02,1.386579036712646484e+01
0.000000000000000000e+00,-1.584354490041732788e-01,1.406942754983901978e-01,1.082753181457519531e+01
0.000000000000000000e+00,-2.740472555160522461e-03,-1.827290505170822144e-01,5.463827610015869141e+00
0.000000000000000000e+00,2.367497235536575317e-01,3.729027137160301208e-02,4.542783737182617188e+01
0.000000000000000000e+00,2.236555218696594238e-01,4.945606365799903870e-02,4.568966293334960938e+01
0.000000000000000000e+00,-5.980392917990684509e-02,-2.085663229227066040e-01,4.795958518981933594e+00
0.000000000000000000e+00,-1.962494552135467529e-01,-7.204414159059524536e-02,1.355179405212402344e+01
0.000000000000000000e+00,2.004087120294570923e-01,-7.495334744453430176e-02,1.323145961761474609e+01
0.000000000000000000e+00,1.879547983407974243e-01,-6.504865735769271851e-02,1.523431110382080078e+01
0.000000000000000000e+00,-1.686721295118331909e-01,1.624395400285720825e-01,1.064424991607666016e+01
0.000000000000000000e+00,-5.101631954312324524e-02,-4.637764766812324524e-02,2.132306671142578125e+01
0.000000000000000000e+00,-7.107707858085632324e-02,-2.517691999673843384e-02,2.856346321105957031e+01
0.000000000000000000e+00,-1.038331091403961182e-01,4.287347197532653809e-02,1.785800170898437500e+01
0.000000000000000000e+00,1.446470022201538086e-01,-4.395372420549392700e-02,2.249227905273437500e+01
0.000000000000000000e+00,5.661871284246444702e-02,-2.010193616151809692e-01,4.973200798034667969e+00
0.000000000000000000e+00,-4.541282076388597488e-03,-8.646792173385620117e-02,1.147769737243652344e+01
0.000000000000000000e+00,-2.663786150515079498e-02,-9.929955750703811646e-02,1.000255107879638672e+01
0.000000000000000000e+00,-7.222934067249298096e-02,1.115021780133247375e-01,2.148405456542968750e+01
0.000000000000000000e+00,-6.441152840852737427e-02,-1.168131902813911438e-01,8.511755943298339844e+00
0.000000000000000000e+00,-2.194183766841888428e-01,2.251771464943885803e-02,1.060580635070800781e+01
0.000000000000000000e+00,1.642758548259735107e-01,-4.566238727420568466e-03,2.391316795349121094e+01
0.000000000000000000e+00,-1.455374658107757568e-01,-6.690030568279325962e-04,1.490513896942138672e+01
0.000000000000000000e+00,-1.354653835296630859e-01,2.053680121898651123e-01,1.106478023529052734e+01
0.000000000000000000e+00,2.015719115734100342e-01,-6.137165427207946777e-02,1.614205932617187500e+01
0.000000000000000000e+00,-4.048743471503257751e-02,-1.894302107393741608e-02,2.798295402526855469e+01
0.000000000000000000e+00,1.084647923707962036e-01,-1.509292721748352051e-01,6.601308822631835938e+00
0.000000000000000000e+00,-1.435666382312774658e-01,9.016443789005279541e-02,1.447751331329345703e+01
0.000000000000000000e+00,-7.151294033974409103e-03,-5.938107520341873169e-02,1.667854881286621094e+01
0.000000000000000000e+00,-7.866995036602020264e-02,9.793289005756378174e-02,2.120680427551269531e+01
0.000000000000000000e+00,-1.251094881445169449e-02,-8.728332817554473877e-03,5.857082748413085938e+01
0.000000000000000000e+00,1.953023523092269897e-01,-1.391152888536453247e-01,7.156908988952636719e+00
1.251795879397832323e-06,6.350883096456527710e-02,5.938187823630869389e-04,6.875404357910156250e+01
0.000000000000000000e+00,1.505188047885894775e-01,-2.014706432819366455e-01,4.962291240692138672e+00
0.000000000000000000e+00,-1.479660719633102417e-01,8.592186868190765381e-02,1.451092720031738281e+01
