0.000000000000000000e+00,-7.209402043372392654e-03,-4.569670127239078283e-04,8.414380645751953125e+01
0.000000000000000000e+00,-7.619396783411502838e-03,1.294246781617403030e-02,8.337239837646484375e+01
0.000000000000000000e+00,-1.123659163713455200e-01,9.345087409019470215e-02,1.786720085144042969e+01
0.000000000000000000e+00,4.385377839207649231e-02,-1.840450316667556763e-01,5.425262928009033203e+00
0.000000000000000000e+00,-4.993299022316932678e-02,-1.453688647598028183e-02,2.817448997497558594e+01
1.494954993130903631e-10,8.394441008567810059e-02,-1.600546948611736298e-02,4.185388183593750000e+01
0.000000000000000000e+00,1.796301156282424927e-01,-1.032783389091491699e-01,9.619906425476074219e+00
0.000000000000000000e+00,-1.228870823979377747e-01,-3.950915113091468811e-02,2.126974868774414062e+01
0.000000000000000000e+00,-2.177142351865768433e-02,2.513473294675350189e-02,4.498637771606445312e+01
0.000000000000000000e+00,-5.155941471457481384e-03,9.836410172283649445e-04,8.433248138427734375e+01
0.000000000000000000e+00,7.195875793695449829e-02,-5.835058912634849548e-02,1.697160911560058594e+01
0.000000000000000000e+00,1.312902718782424927e-01,-1.247428506612777710e-01,7.974520683288574219e+00
0.000000000000000000e+00,-2.571122348308563232e-01,2.202491462230682373e-02,1.060122013092041016e+01
3.337719647333869943e-07,2.305206060409545898e-01,-4.833228886127471924e-02,1.896973991394042969e+01
0.000000000000000000e+00,-6.813848018646240234e-02,-2.684138715267181396e-02,2.839631462097167969e+01
0.000000000000000000e+00,-2.223929911851882935e-01,-2.836428582668304443e-02,1.081435489654541016e+01
0.000000000000000000e+00,-8.950733393430709839e-02,1.206581480801105499e-03,2.476245307922363281e+01
0.000000000000000000e+00,-5.432234331965446472e-02,-2.037728279829025269e-01,4.907003402709960938e+00
0.000000000000000000e+00,7.006439566612243652e-02,-3.056434914469718933e-02,3.225244140625000000e+01
0.000000000000000000e+00,1.717998534440994263e-01,6.124621722847223282e-03,2.371065711975097656e+01
0.000000000000000000e+00,1.244877930730581284e-03,-3.269536793231964111e-02,3.016750717163085938e+01
0.000000000000000000e+00,-2.118116468191146851e-01,-4.543753340840339661e-02,1.082371711730957031e+01
0.000000000000000000e+00,2.311632931232452393e-01,-5.798738077282905579e-02,1.707922172546386719e+01
0.000000000000000000e+00,8.986270427703857422e-02,-1.674951761960983276e-01,5.954691410064697266e+00
0.000000000000000000e+00,-3.016214631497859955e-02,-1.998570002615451813e-02,2.956505393981933594e+01
0.000000000000000000e+00,-1.565279513597488403e-01,-6.975028663873672485e-02,1.399464416503906250e+01
0.000000000000000000e+00,-6.263599544763565063e-02,-7.117016613483428955e-02,1.392993259429931641e+01
0.000000000000000000e+00,-3.360264003276824951e-02,-1.531218141317367554e-01,6.507612228393554688e+00
0.000000000000000000e+00,-1.319270730018615723e-01,1.941257528960704803e-02,1.782238960266113281e+01
0.000000000000000000e+00,-1.779937297105789185e-01,-7.756539434194564819e-02,1.259202575683593750e+01
0.000000000000000000e+00,-9.412299841642379761e-02,1.643971204757690430e-01,2.106124305725097656e+01
0.000000000000000000e+00,1.772424578666687012e-01,8.231109008193016052e-03,2.346011161804199219e+01
0.000000000000000000e+00,-8.927899599075317383e-02,6.008986011147499084e-02,1.813072013854980469e+01
0.000000000000000000e+00,9.089147672057151794e-03,-6.102346628904342651e-02,1.623217773437500000e+01
0.000000000000000000e+00,-2.240560948848724365e-02,-1.565196067094802856e-01,6.367702960968017578e+00
0.000000000000000000e+00,2.353095859289169312e-01,4.259672015905380249e-02,3.548839187622070312e+01
0.000000000000000000e+00,-4.206761717796325684e-02,-4.990787710994482040e-04,2.864493560791015625e+01
0.000000000000000000e+00,-6.824956834316253662e-02,1.589495390653610229e-01,2.236268806457519531e+01
0.000000000000000000e+00,4.485791549086570740e-02,-1.626691073179244995e-01,6.129399299621582031e+00
0.000000000000000000e+00,-1.117016226053237915e-01,-5.088820308446884155e-02,1.914691925048828125e+01
0.000000000000000000e+00,2.440431118011474609e-01,3.657887876033782959e-02,4.077482986450195312e+01
0.000000000000000000e+00,-1.966711431741714478e-01,-5.404813587665557861e-02,1.831590461730957031e+01
0.000000000000000000e+00,-1.395999044179916382e-01,-4.315725341439247131e-02,1.814734840393066406e+01
0.000000000000000000e+00,-3.899012878537178040e-02,-8.923887461423873901e-02,1.112330818176269531e+01
0.000000000000000000e+00,-2.001990228891372681e-01,1.204039230942726135e-01,1.042825508117675781e+01
0.000000000000000000e+00,3.062892891466617584e-02,-1.029165089130401611e-01,9.653121948242187500e+00
0.000000000000000000e+00,1.602857112884521484e-01,4.665756598114967346e-02,5.560036849975585938e+01
0.000000000000000000e+00,1.760008633136749268e-01,2.195536531507968903e-02,2.718949890136718750e+01
0.000000000000000000e+00,-1.506185811012983322e-02,-1.288789957761764526e-01,7.720333576202392578e+00
0.000000000000000000e+00,7.315425574779510498e-02,-6.351529061794281006e-02,1.559904766082763672e+01
0.000000000000000000e+00,-6.554792076349258423e-02,1.235880702733993530e-01,2.156304359436035156e+01
0.000000000000000000e+00,-1.334825456142425537e-01,-1.105686724185943604e-01,8.989312171936035156e+00
0.000000000000000000e+00,1.925972998142242432e-01,-1.133637130260467529e-01,8.769330024719238281e+00
0.000000000000000000e+00,-4.152699187397956848e-02,-2.057294100522994995e-01,4.861043930053710938e+00
0.000000000000000000e+00,-2.572020329535007477e-02,-1.681477427482604980e-01,5.931799411773681641e+00
0.000000000000000000e+00,2.224004827439785004e-02,-1.924511231482028961e-02,5.095379257202148438e+01
0.000000000000000000e+00,2.850797772407531738e-02,-7.067365944385528564e-02,1.402718448638916016e+01
0.000000000000000000e+00,-9.661345742642879486e-03,-8.058091625571250916e-03,6.038445281982421875e+01
0.000000000000000000e+00,-3.153422102332115173e-02,1.883358880877494812e-02,4.469154739379882812e+01
