0.000000000000000000e+00,1.709533482789993286e-01,-1.514977812767028809e-01,6.576872348785400391e+00
0.000000000000000000e+00,-2.790779247879981995e-02,3.236708045005798340e-02,4.562385177612304688e+01
0.000000000000000000e+00,-9.010281413793563843e-02,1.311815977096557617e-01,2.096183776855468750e+01
0.000000000000000000e+00,-2.571092918515205383e-02,-1.956110894680023193e-01,5.108667373657226562e+00
0.000000000000000000e+00,-2.979226037859916687e-02,3.326649218797683716e-02,4.561205291748046875e+01
0.000000000000000000e+00,1.365862190723419189e-01,4.855737090110778809e-03,2.734690284729003906e+01
0.000000000000000000e+00,-1.636671088635921478e-02,7.202780246734619141e-02,9.505320739746093750e+01
0.000000000000000000e+00,6.127575039863586426e-02,-2.101748883724212646e-01,4.759837627410888672e+00
8.934163275853279629e-08,2.348817437887191772e-01,-5.570178851485252380e-03,1.921177101135253906e+01
0.000000000000000000e+00,-1.877530850470066071e-02,3.828890994191169739e-02,8.606446075439453125e+01
0.000000000000000000e+00,-1.016990020871162415e-01,4.213181510567665100e-02,1.812078094482421875e+01
0.000000000000000000e+00,3.202011063694953918e-02,-1.006908714771270752e-01,9.865173339843750000e+00
0.000000000000000000e+00,-1.279923319816589355e-01,1.813807189464569092e-01,1.088661384582519531e+01
0.000000000000000000e+00,-7.580484449863433838e-02,-5.594922229647636414e-02,1.769573402404785156e+01
0.000000000000000000e+00,1.563531309366226196e-01,-3.192646056413650513e-02,2.831944084167480469e+01
0.000000000000000000e+00,2.105896025896072388e-01,-9.463791549205780029e-02,1.049293231964111328e+01
0.000000000000000000e+00,-9.899841994047164917e-02,-1.973568648099899292e-01,5.064150333404541016e+00
0.000000000000000000e+00,-1.044797897338867188e-01,-5.985595658421516418e-02,1.635955810546875000e+01
0.000000000000000000e+00,-4.795819148421287537e-02,-7.876603305339813232e-02,1.259353637695312500e+01
0.000000000000000000e+00,-1.660010218620300293e-01,-1.317973732948303223e-01,7.550899982452392578e+00
0.000000000000000000e+00,7.773532718420028687e-02,-2.940462157130241394e-02,3.351272201538085938e+01
0.000000000000000000e+00,-1.623755544424057007e-01,1.240779161453247070e-01,1.076623249053955078e+01
1.257994171055543120e-07,2.068483233451843262e-01,-3.100303187966346741e-02,1.900480079650878906e+01
0.000000000000000000e+00,-3.338906541466712952e-02,-1.534847617149353027e-01,6.492371559143066406e+00
0.000000000000000000e+00,-7.758929859846830368e-03,-4.109543748199939728e-03,8.224139404296875000e+01
0.000000000000000000e+00,1.463914960622787476e-01,-1.840007901191711426e-01,5.426629543304443359e+00
0.000000000000000000e+00,-1.345655918121337891e-01,3.238685801625251770e-02,1.753942298889160156e+01
0.000000000000000000e+00,-1.612455025315284729e-02,1.823016069829463959e-02,4.502404785156250000e+01
0.000000000000000000e+00,-5.246501415967941284e-02,-3.612948954105377197e-02,2.732268714904785156e+01
0.000000000000000000e+00,2.036229670047760010e-01,-6.395202875137329102e-02,1.549429798126220703e+01
0.000000000000000000e+00,-1.837159246206283569e-01,1.192799732089042664e-01,1.037378978729248047e+01
0.000000000000000000e+00,1.880000829696655273e-01,-1.454089432954788208e-01,6.849738597869873047e+00
0.000000000000000000e+00,-2.147277146577835083e-01,1.034151911735534668e-01,1.032203865051269531e+01
0.000000000000000000e+00,-2.609068155288696289e-02,-9.578119963407516479e-02,1.036775398254394531e+01
0.000000000000000000e+00,-1.896484196186065674e-02,-8.391396701335906982e-02,1.182504844665527344e+01
0.000000000000000000e+00,-2.073173820972442627e-01,-4.594547674059867859e-02,1.081508922576904297e+01
0.000000000000000000e+00,-1.080051660537719727e-01,2.012259513139724731e-01,2.108451461791992188e+01
0.000000000000000000e+00,1.560243666172027588e-01,-1.129337958991527557e-02,2.663518524169921875e+01
0.000000000000000000e+00,-1.636426597833633423e-01,-1.514500007033348083e-02,1.458890056610107422e+01
0.000000000000000000e+00,-1.695284992456436157e-01,-7.731244713068008423e-02,1.263293266296386719e+01
0.000000000000000000e+00,1.185032445937395096e-02,-9.806577116250991821e-02,1.012763023376464844e+01
0.000000000000000000e+00,-6.515820324420928955e-02,-6.085935235023498535e-02,1.627584266662597656e+01
9.198581096825364511e-08,2.026432454586029053e-01,8.596713654696941376e-03,1.994632530212402344e+01
0.000000000000000000e+00,-2.250518947839736938e-01,1.191031262278556824e-01,1.027571392059326172e+01
0.000000000000000000e+00,-2.347172647714614868e-01,-2.515247277915477753e-02,1.046237277984619141e+01
0.000000000000000000e+00,-1.797738522291183472e-01,-3.614785149693489075e-02,1.472727394104003906e+01
0.000000000000000000e+00,-6.188013404607772827e-02,-1.505398899316787720e-01,6.618174076080322266e+00
0.000000000000000000e+00,-5.657446011900901794e-02,-3.032833710312843323e-02,2.799204444885253906e+01
0.000000000000000000e+00,-1.117919534444808960e-01,-1.427213102579116821e-01,6.977427959442138672e+00
1.404598179988170159e-07,1.814488619565963745e-01,-3.380890935659408569e-02,2.010892677307128906e+01
0.000000000000000000e+00,-1.520926654338836670e-01,5.391883105039596558e-02,1.452140617370605469e+01
0.000000000000000000e+00,-8.365181274712085724e-03,2.263589529320597649e-03,8.394297027587890625e+01
0.000000000000000000e+00,-0.000000000000000000e+00,-2.028859406709671021e-01,4.928118705749511719e+00
0.000000000000000000e+00,5.171633884310722351e-02,-6.197116151452064514e-02,1.598543548583984375e+01
0.000000000000000000e+00,-6.889330595731735229e-02,-1.420895606279373169e-01,7.008131027221679688e+00
0.000000000000000000e+00,8.679167181253433228e-02,-1.274484694004058838e-01,7.806392192840576172e+00
0.000000000000000000e+00,8.540399372577667236e-02,-2.735136449337005615e-02,3.600350952148437500e+01
0.000000000000000000e+00,-7.824712991714477539e-02,-1.477514356374740601e-01,6.741923809051513672e+00
0.000000000000000000e+00,-2.141537964344024658e-01,-1.385095566511154175e-01,7.187988758087158203e+00
