1.597502408134943153e-10,9.101368486881256104e-02,4.175211768597364426e-03,4.127334976196289062e+01
0.000000000000000000e+00,-5.244909971952438354e-02,1.910700649023056030e-02,2.835391235351562500e+01
0.000000000000000000e+00,4.501448571681976318e-02,-4.076068475842475891e-02,2.424013137817382812e+01
0.000000000000000000e+00,1.312023960053920746e-02,-1.393102258443832397e-01,7.146714210510253906e+00
0.000000000000000000e+00,-2.019761055707931519e-01,4.443999007344245911e-02,1.046924209594726562e+01
0.000000000000000000e+00,9.937582165002822876e-02,-1.131518110632896423e-01,8.785357475280761719e+00
0.000000000000000000e+00,-6.595613807439804077e-02,4.212414845824241638e-02,2.848824882507324219e+01
0.000000000000000000e+00,-1.703765429556369781e-02,-9.582614898681640625e-02,1.036291313171386719e+01
0.000000000000000000e+00,-2.143200859427452087e-02,7.942530326545238495e-03,4.516543197631835938e+01
0.000000000000000000e+00,-2.123001515865325928e-01,-2.284171245992183685e-02,1.075673580169677734e+01
0.000000000000000000e+00,1.152303367853164673e-01,2.963709086179733276e-02,8.316445922851562500e+01
0.000000000000000000e+00,-1.490360498428344727e-01,-1.049489304423332214e-01,9.467576026916503906e+00
0.000000000000000000e+00,1.478075087070465088e-01,-2.230108901858329773e-02,2.818646430969238281e+01
0.000000000000000000e+00,-5.648900941014289856e-02,-9.324581362307071686e-03,2.799918365478515625e+01
0.000000000000000000e+00,-2.520764768123626709e-01,4.556573182344436646e-02,1.031711864471435547e+01
0.000000000000000000e+00,1.453008502721786499e-02,-8.863470703363418579e-02,1.119867897033691406e+01
0.000000000000000000e+00,-1.155409663915634155e-01,1.931914128363132477e-02,1.788109397888183594e+01
0.000000000000000000e+00,1.596840769052505493e-01,-1.225888878107070923e-01,8.113682746887207031e+00
0.000000000000000000e+00,1.305606961250305176e-01,-4.886703193187713623e-02,2.024443244934082031e+01
0.000000000000000000e+00,2.507949806749820709e-02,-8.602868765592575073e-02,1.153598213195800781e+01
0.000000000000000000e+00,-2.151242792606353760e-01,1.276659220457077026e-01,1.025262641906738281e+01
0.000000000000000000e+00,-5.212749540805816650e-02,1.920241676270961761e-02,2.835224723815917969e+01
0.000000000000000000e+00,-5.518062040209770203e-02,-1.226226910948753357e-01,8.111255645751953125e+00
0.000000000000000000e+00,-1.366291046142578125e-01,5.002529546618461609e-02,1.473852634429931641e+01
0.000000000000000000e+00,-6.886039674282073975e-02,-2.339369058609008789e-02,2.856060028076171875e+01
0.000000000000000000e+00,1.852502375841140747e-01,-7.952122390270233154e-02,1.247528266906738281e+01
0.000000000000000000e+00,-1.245131269097328186e-01,7.486064732074737549e-02,1.793979454040527344e+01
0.000000000000000000e+00,-8.383201807737350464e-02,1.464344114065170288e-01,2.092967033386230469e+01
0.000000000000000000e+00,-1.560059487819671631e-01,-5.061212182044982910e-02,1.925131607055664062e+01
0.000000000000000000e+00,-1.860310733318328857e-01,-1.550387777388095856e-02,1.458233928680419922e+01
0.000000000000000000e+00,-1.565520465373992920e-01,-6.887603551149368286e-02,1.417130470275878906e+01
0.000000000000000000e+00,-9.729401767253875732e-02,1.830920875072479248e-01,2.097527313232421875e+01
0.000000000000000000e+00,-2.410753816366195679e-02,-1.460331082344055176e-01,6.820500373840332031e+00
1.504629267401469406e-06,6.943665444850921631e-02,-2.094289986416697502e-03,6.816506958007812500e+01
0.000000000000000000e+00,1.566124409437179565e-01,-1.250278949737548828e-01,7.956536293029785156e+00
0.000000000000000000e+00,3.484636917710304260e-02,-2.714081667363643646e-02,3.627887725830078125e+01
0.000000000000000000e+00,-1.966772526502609253e-01,1.019544005393981934e-01,1.044152641296386719e+01
0.000000000000000000e+00,-1.007805392146110535e-02,-1.685692742466926575e-02,5.805774307250976562e+01
0.000000000000000000e+00,-1.611654460430145264e-01,-2.028672695159912109e-01,4.928646564483642578e+00
0.000000000000000000e+00,-2.832967787981033325e-02,-1.339268535375595093e-01,7.431584358215332031e+00
0.000000000000000000e+00,-8.096715807914733887e-02,4.152795881964266300e-04,2.520502662658691406e+01
0.000000000000000000e+00,-2.072614878416061401e-01,-7.558110356330871582e-02,1.292105197906494141e+01
0.000000000000000000e+00,-6.085577979683876038e-02,2.833541110157966614e-02,2.822936058044433594e+01
0.000000000000000000e+00,-1.217041835188865662e-01,-1.217442005872726440e-02,1.803603172302246094e+01
0.000000000000000000e+00,-6.871644407510757446e-02,-7.228580862283706665e-02,1.371612739562988281e+01
0.000000000000000000e+00,1.391305029392242432e-01,-3.624293254688382149e-03,2.718660354614257812e+01
-3.528853312673163600e-06,7.390152662992477417e-02,8.313218131661415100e-03,9.551860809326171875e+01
0.000000000000000000e+00,1.480641402304172516e-02,-2.371209859848022461e-01,4.228066444396972656e+00
0.000000000000000000e+00,5.980199784971773624e-04,-2.287036925554275513e-01,4.380615234375000000e+00
0.000000000000000000e+00,2.226163744926452637e-01,6.090109422802925110e-02,4.559057617187500000e+01
0.000000000000000000e+00,-2.491495385766029358e-02,-4.521537944674491882e-02,2.186741256713867188e+01
0.000000000000000000e+00,-1.944926083087921143e-01,-1.065582856535911560e-01,9.182722091674804688e+00
0.000000000000000000e+00,-1.302288025617599487e-01,1.297116130590438843e-01,1.496631431579589844e+01
0.000000000000000000e+00,1.144281625747680664e-01,1.878147572278976440e-02,8.835445404052734375e+01
0.000000000000000000e+00,1.728433817625045776e-01,2.867048140615224838e-03,2.346153831481933594e+01
0.000000000000000000e+00,1.543418169021606445e-01,3.665576502680778503e-02,6.022880172729492188e+01
0.000000000000000000e+00,-8.133972994983196259e-03,1.159888412803411484e-02,8.340412139892578125e+01
0.000000000000000000e+00,1.733592152595520020e-02,-6.406653672456741333e-02,1.546540355682373047e+01
-5.568774174430357604e-12,1.106632128357887268e-01,-1.522172801196575165e-02,3.506762313842773438e+01
0.000000000000000000e+00,-7.066125422716140747e-02,4.168098792433738708e-02,2.831841468811035156e+01
