0.000000000000000000e+00,-2.589114382863044739e-02,-4.274266213178634644e-02,2.312369155883789062e+01
0.000000000000000000e+00,-2.090258337557315826e-02,4.938726779073476791e-04,4.493719482421875000e+01
0.000000000000000000e+00,1.231226921081542969e-01,-1.643442958593368530e-01,6.067646980285644531e+00
0.000000000000000000e+00,-7.965657114982604980e-02,4.184501711279153824e-03,2.834952354431152344e+01
0.000000000000000000e+00,-8.817178010940551758e-02,2.079360187053680420e-01,2.155866432189941406e+01
0.000000000000000000e+00,-2.191061340272426605e-02,-8.731921017169952393e-02,1.136643123626708984e+01
0.000000000000000000e+00,1.628173887729644775e-01,4.247904196381568909e-02,5.514556884765625000e+01
0.000000000000000000e+00,-3.228155523538589478e-02,-1.149707473814487457e-03,2.982778167724609375e+01
0.000000000000000000e+00,-1.368276476860046387e-01,-1.505549252033233643e-01,6.617604732513427734e+00
0.000000000000000000e+00,-4.426921159029006958e-02,-2.397341281175613403e-01,4.182908058166503906e+00
0.000000000000000000e+00,2.565057761967182159e-02,-4.396617785096168518e-02,2.248453140258789062e+01
0.000000000000000000e+00,-1.349046081304550171e-01,1.697461605072021484e-01,1.085734939575195312e+01
0.000000000000000000e+00,-8.600352704524993896e-02,-9.846888482570648193e-03,2.486871337890625000e+01
0.000000000000000000e+00,1.007143855094909668e-01,2.472834289073944092e-02,8.893844604492187500e+01
0.000000000000000000e+00,-1.062507648020982742e-02,-1.986556313931941986e-02,4.938374328613281250e+01
0.000000000000000000e+00,1.405799984931945801e-01,-5.418320000171661377e-02,1.826972198486328125e+01
0.000000000000000000e+00,-1.615357249975204468e-01,-9.777979552745819092e-02,1.015742397308349609e+01
0.000000000000000000e+00,-1.516529768705368042e-01,-2.083679437637329102e-01,4.800509929656982422e+00
0.000000000000000000e+00,-6.739355623722076416e-03,-6.488017737865447998e-03,8.392276000976562500e+01
0.000000000000000000e+00,6.819010525941848755e-02,-4.732894152402877808e-02,2.089736747741699219e+01
-3.515717025948106311e-06,4.536939784884452820e-02,-1.546232146210968494e-03,9.492951965332031250e+01
0.000000000000000000e+00,-5.194299295544624329e-02,1.987840048968791962e-02,2.860549926757812500e+01
0.000000000000000000e+00,-2.725726179778575897e-02,6.913003046065568924e-03,2.992077064514160156e+01
0.000000000000000000e+00,1.201835498213768005e-01,-2.053326517343521118e-01,4.870334148406982422e+00
0.000000000000000000e+00,-1.097281184047460556e-02,4.410433024168014526e-02,9.480744171142578125e+01
0.000000000000000000e+00,1.386728882789611816e-01,-7.612579315900802612e-02,1.302828311920166016e+01
0.000000000000000000e+00,-1.600954309105873108e-02,-8.376972377300262451e-02,1.184529781341552734e+01
0.000000000000000000e+00,-1.082641854882240295e-01,3.006622008979320526e-02,1.786233901977539062e+01
0.000000000000000000e+00,1.974101923406124115e-02,-8.270547538995742798e-02,1.199687576293945312e+01
0.000000000000000000e+00,-9.083513170480728149e-02,-2.004441320896148682e-01,4.987275600433349609e+00
0.000000000000000000e+00,2.353793680667877197e-01,-9.717430174350738525e-02,1.022077941894531250e+01
0.000000000000000000e+00,-6.737077981233596802e-02,-4.642481356859207153e-02,2.130165290832519531e+01
0.000000000000000000e+00,1.425838619470596313e-01,-1.166987512260675430e-02,2.698293113708496094e+01
0.000000000000000000e+00,-1.238205730915069580e-01,-1.255057938396930695e-02,1.800864219665527344e+01
0.000000000000000000e+00,1.476366072893142700e-01,-3.405668959021568298e-02,2.897412109375000000e+01
0.000000000000000000e+00,4.964796081185340881e-02,-1.208653301000595093e-01,8.228340148925781250e+00
0.000000000000000000e+00,8.214294165372848511e-02,-5.764000490307807922e-02,1.717968559265136719e+01
0.000000000000000000e+00,-4.956141114234924316e-02,2.946544624865055084e-02,2.878855705261230469e+01
0.000000000000000000e+00,-5.746867507696151733e-02,-1.834279485046863556e-02,2.791099357604980469e+01
0.000000000000000000e+00,1.696676313877105713e-01,-1.480409204959869385e-01,6.729005813598632812e+00
0.000000000000000000e+00,1.755352467298507690e-01,8.697438053786754608e-03,2.360757255554199219e+01
0.000000000000000000e+00,-1.053086593747138977e-01,5.750475451350212097e-02,1.824467468261718750e+01
-1.274400176498602377e-07,2.581663131713867188e-01,-3.409742191433906555e-02,1.932233047485351562e+01
0.000000000000000000e+00,-1.697104983031749725e-02,-1.608034819364547729e-01,6.199757575988769531e+00
0.000000000000000000e+00,6.748136132955551147e-02,-6.844940036535263062e-02,1.448056602478027344e+01
0.000000000000000000e+00,-7.539763301610946655e-02,-1.210921853780746460e-01,8.213057518005371094e+00
0.000000000000000000e+00,-2.357774972915649414e-01,1.136369165033102036e-02,1.065199279785156250e+01
0.000000000000000000e+00,8.930973708629608154e-02,-1.577348560094833374e-01,6.319173336029052734e+00
0.000000000000000000e+00,1.626341640949249268e-01,-1.504732519388198853e-01,6.621215820312500000e+00
0.000000000000000000e+00,-5.720135569572448730e-02,4.733697697520256042e-02,2.892204856872558594e+01
0.000000000000000000e+00,-6.993316113948822021e-02,-1.162355393171310425e-01,8.553773880004882812e+00
0.000000000000000000e+00,-5.332184582948684692e-02,-1.426728907972574234e-02,2.809467315673828125e+01
0.000000000000000000e+00,-1.521149836480617523e-02,-2.612529695034027100e-02,3.767409133911132812e+01
-3.495611281323363073e-06,6.750434637069702148e-02,9.062782861292362213e-03,9.538082885742187500e+01
0.000000000000000000e+00,-6.508217751979827881e-02,-7.201445102691650391e-02,1.376751518249511719e+01
0.000000000000000000e+00,1.380397379398345947e-01,-1.679280698299407959e-01,5.939564228057861328e+00
6.647665057313290049e-11,1.202362328767776489e-01,-2.452547289431095123e-02,3.477675247192382812e+01
0.000000000000000000e+00,2.911012619733810425e-02,-4.695589467883110046e-02,2.106208038330078125e+01
0.000000000000000000e+00,8.821643888950347900e-02,-1.566296666860580444e-01,6.363315105438232422e+00
