0.000000000000000000e+00,9.677229821681976318e-02,-1.318106502294540405e-01,7.550013065338134766e+00
0.000000000000000000e+00,-1.569765806198120117e-01,-4.240596666932106018e-02,2.330774688720703125e+01
0.000000000000000000e+00,-4.199953377246856689e-02,-1.600883752107620239e-01,6.227171421051025391e+00
0.000000000000000000e+00,-2.015638649463653564e-01,6.986270844936370850e-02,1.043218994140625000e+01
0.000000000000000000e+00,-3.642890974879264832e-02,-3.276219218969345093e-02,2.962557601928710938e+01
0.000000000000000000e+00,1.774515807628631592e-01,-6.504264473915100098e-02,1.523558902740478516e+01
1.525398904411723322e-11,7.790859788656234741e-02,1.133738271892070770e-02,6.283643722534179688e+01
0.000000000000000000e+00,-2.527678608894348145e-01,1.184667274355888367e-02,1.061929035186767578e+01
0.000000000000000000e+00,-1.077144816517829895e-01,-1.806779354810714722e-01,5.525118350982666016e+00
0.000000000000000000e+00,-1.057596355676651001e-01,-1.100961789488792419e-01,9.027567863464355469e+00
0.000000000000000000e+00,7.014183700084686279e-02,-8.592846989631652832e-02,1.154944229125976562e+01
0.000000000000000000e+00,-1.334992609918117523e-02,-7.899316400289535522e-02,1.255747985839843750e+01
0.000000000000000000e+00,-2.508187480270862579e-02,8.021036535501480103e-02,8.647412109375000000e+01
0.000000000000000000e+00,8.714172057807445526e-03,-9.402397274971008301e-02,1.056036758422851562e+01
0.000000000000000000e+00,-4.301088675856590271e-02,-1.048798188567161560e-01,9.473535537719726562e+00
0.000000000000000000e+00,5.179928988218307495e-02,-1.966524571180343628e-01,5.082007884979248047e+00
0.000000000000000000e+00,-1.634365469217300415e-01,3.930603712797164917e-02,1.457353019714355469e+01
0.000000000000000000e+00,9.068913757801055908e-02,-1.288491785526275635e-01,7.722176551818847656e+00
0.000000000000000000e+00,7.559677958488464355e-02,-2.439621835947036743e-01,4.111912727355957031e+00
0.000000000000000000e+00,-2.539658248424530029e-01,-2.854039520025253296e-02,1.077471160888671875e+01
0.000000000000000000e+00,-1.243190765380859375e-01,-1.433401703834533691e-01,6.947584629058837891e+00
0.000000000000000000e+00,-7.371400296688079834e-02,-6.942318379878997803e-02,1.427856636047363281e+01
0.000000000000000000e+00,-6.642833352088928223e-02,3.985885530710220337e-02,2.505638694763183594e+01
0.000000000000000000e+00,-5.794612690806388855e-02,4.577420651912689209e-02,2.899034309387207031e+01
0.000000000000000000e+00,-2.174128405749797821e-02,2.199492603540420532e-02,4.501818847656250000e+01
0.000000000000000000e+00,-1.704614460468292236e-01,2.876716479659080505e-02,1.452915763854980469e+01
0.000000000000000000e+00,-9.629116952419281006e-02,-2.882029628381133080e-03,2.120363807678222656e+01
0.000000000000000000e+00,1.578950583934783936e-01,-1.088603362441062927e-01,9.129555702209472656e+00
0.000000000000000000e+00,-7.142454385757446289e-02,1.662978380918502808e-01,2.248117637634277344e+01
0.000000000000000000e+00,-5.047696828842163086e-02,-3.690441697835922241e-02,2.675336456298828125e+01
0.000000000000000000e+00,-1.797385066747665405e-01,-7.573306560516357422e-02,1.289502620697021484e+01
0.000000000000000000e+00,4.443993419408798218e-02,-4.951223358511924744e-02,1.998142051696777344e+01
0.000000000000000000e+00,-2.225990891456604004e-01,1.127709671854972839e-01,1.029385375976562500e+01
0.000000000000000000e+00,-4.488474689424037933e-03,-1.038176752626895905e-02,9.334777069091796875e+01
0.000000000000000000e+00,-7.666189689189195633e-03,2.236334420740604401e-02,9.487405395507812500e+01
0.000000000000000000e+00,-1.173066198825836182e-01,-1.842337101697921753e-01,5.419822216033935547e+00
0.000000000000000000e+00,-2.297023981809616089e-01,-1.728056813590228558e-03,1.066258811950683594e+01
0.000000000000000000e+00,2.071366012096405029e-01,4.670311883091926575e-02,4.512727355957031250e+01
0.000000000000000000e+00,-1.601280421018600464e-01,1.171647384762763977e-01,1.072120380401611328e+01
0.000000000000000000e+00,-1.084715314209461212e-02,2.710635773837566376e-03,6.045760726928710938e+01
0.000000000000000000e+00,6.281592417508363724e-03,-5.965357273817062378e-02,1.660279464721679688e+01
0.000000000000000000e+00,1.132907792925834656e-01,-5.612424015998840332e-02,1.764119911193847656e+01
0.000000000000000000e+00,-1.213551014661788940e-01,9.507828950881958008e-02,1.479817867279052734e+01
0.000000000000000000e+00,3.273998200893402100e-02,-9.580501168966293335e-02,1.036520099639892578e+01
0.000000000000000000e+00,-9.514111280441284180e-02,-4.964221641421318054e-02,1.962430953979492188e+01
0.000000000000000000e+00,1.400032639503479004e-01,3.036432340741157532e-02,6.527782440185546875e+01
0.000000000000000000e+00,-1.355214267969131470e-01,-1.867849379777908325e-02,1.788673973083496094e+01
0.000000000000000000e+00,-1.918359659612178802e-02,3.577015921473503113e-02,8.587186431884765625e+01
0.000000000000000000e+00,-1.939323693513870239e-01,-1.364472806453704834e-01,7.295668125152587891e+00
0.000000000000000000e+00,4.310781508684158325e-02,-2.977631054818630219e-02,3.309761428833007812e+01
-1.839359526911721332e-07,1.931840181350708008e-01,-3.105422295629978180e-02,1.946199226379394531e+01
0.000000000000000000e+00,-9.885237365961074829e-02,-1.270214915275573730e-01,7.832448005676269531e+00
0.000000000000000000e+00,-1.737600862979888916e-01,-6.112425401806831360e-02,1.595820522308349609e+01
0.000000000000000000e+00,1.456952095031738281e-01,2.396254241466522217e-02,2.800587654113769531e+01
0.000000000000000000e+00,-2.223673164844512939e-01,1.123791933059692383e-01,1.029499626159667969e+01
0.000000000000000000e+00,-2.111820317804813385e-02,-2.074617892503738403e-01,4.821079730987548828e+00
0.000000000000000000e+00,1.067370399832725525e-01,-2.133460789918899536e-01,4.690254211425781250e+00
0.000000000000000000e+00,-1.095893904566764832e-01,9.239003062248229980e-03,2.114850807189941406e+01
0.000000000000000000e+00,6.625571101903915405e-02,-3.237307444214820862e-02,3.046584320068359375e+01
0.000000000000000000e+00,2.253295108675956726e-02,-1.334521919488906860e-02,7.303132629394531250e+01
0.000000000000000000e+00,-1.845561265945434570e-01,-7.613710314035415649e-02,1.282700634002685547e+01
0.000000000000000000e+00,3.148502856492996216e-02,-2.333472482860088348e-02,4.212720108032226562e+01
0.000000000000000000e+00,1.195600181818008423e-01,-7.926711440086364746e-02,1.251462841033935547e+01
0.000000000000000000e+00,-6.560084410011768341e-03,-9.101644903421401978e-02,1.090727233886718750e+01
